0
0
0
0
0
0
0
0
0
1
0
-1
0
1
0
1
0
0
0
-1
0
0
0
0
0
0
-1
1
0
0
0
0
1
0
0
0
-1
0
1
0
0
0
0
0
0
0
0
0
0
-1
1
-1
0
1
0
0
0
0
0
0
0
0
0
0
0
0
0
0
0
1
0
0
0
0
-1
1
0
0
0
0
0
0
0
0
0
0
0
0
-1
0
0
0
-1
0
0
1
1
0
0
0
0
-1
0
1
0
-1
0
0
0
0
-1
0
0
0
0
0
-1
-1
0
0
0
0
1
0
0
0
0
-1
0
0
0
0
0
0
0
0
1
0
-1
0
0
-1
0
0
0
0
0
0
0
0
0
0
0
1
0
0
0
0
-1
-1
0
-1
0
0
0
-1
0
0
0
0
1
1
-1
0
0
-1
-1
0
0
-1
0
0
-1
0
0
-1
1
-1
0
0
-1
0
0
0
0
0
0
0
1
0
0
-1
1
1
0
0
0
0
0
0
0
0
0
1
0
0
0
0
0
0
-1
0
0
-1
0
0
1
0
0
1
0
0
0
1
0
0
0
0
0
0
1
-1
0
0
0
1
0
-1
0
0
0
0
0
-1
0
0
0
0
1
0
0
1
0
0
0
1
0
0
0
0
0
1
0
0
0
0
0
0
0
1
0
0
0
0
-1
0
0
-1
-1
0
-1
0
0
0
1
1
0
0
0
-1
1
0
0
0
0
1
0
1
0
0
1
1
0
0
0
0
0
-1
0
0
0
-1
0
0
1
0
0
0
0
1
0
1
0
0
0
0
-1
0
0
0
0
0
-1
0
0
0
1
1
0
0
-1
0
0
1
0
0
-1
1
0
0
0
0
-1
0
0
0
0
0
0
0
0
0
0
0
1
0
0
0
-1
0
1
0
0
1
-1
0
-1
-1
0
0
0
0
0
0
0
0
-1
0
-1
1
0
1
1
0
0
0
0
0
0
0
0
0
0
0
0
0
0
1
0
-1
0
0
0
0
0
0
-1
0
0
-1
0
0
0
0
0
0
0
1
1
0
0
0
0
0
0
0
-1
0
0
0
0
0
0
-1
-1
0
0
0
0
0
1
0
1
-1
0
0
-1
0
0
0
1
0
0
0
0
0
0
0
1
0
1
0
0
0
-1
-1
0
0
0
0
1
0
-1
0
0
0
0
1
0
-1
0
0
0
0
0
1
0
0
0
0
0
0
0
0
0
0
1
0
0
0
0
0
0
0
0
0
0
0
0
0
-1
-1
0
0
0
0
0
0
-1
0
0
-1
0
0
0
0
0
0
0
0
0
0
0
0
0
0
0
0
0
-1
0
0
1
0
0
-1
1
0
0
0
0
0
0
0
0
0
0
-1
1
0
0
-1
0
0
0
1
0
-1
0
0
0
0
0
0
0
1
-1
0
-1
0
-1
-1
0
0
0
1
0
0
0
0
0
1
0
-1
-1
0
0
0
0
0
0
0
-1
0
-1
0
1
0
0
0
0
1
0
0
0
0
0
-1
-1
0
0
0
0
-1
0
1
0
1
0
0
0
0
-1
0
0
0
-1
0
0
0
0
0
0
0
0
-1
0
0
0
1
0
1
0
-1
0
1
0
0
-1
0
0
0
0
0
0
1
0
1
0
0
0
0
0
1
0
1
0
0
0
1
0
0
0
0
0
-1
0
0
0
0
0
0
0
0
0
-1
0
0
0
0
0
0
0
0
0
0
1
0
1
0
0
1
0
0
1
0
0
1
0
0
1
0
0
0
0
0
0
0
0
0
0
0
1
0
0
-1
0
0
-1
0
-1
0
0
1
1
0
0
0
-1
0
0
0
0
-1
-1
0
-1
-1
-2
-1
-1
-1
-1
-2
-1
-1
-2
-2
-1
2
4
6
9
10
11
12
11
9
8
6
3
1
0
0
-1
-1
-2
-3
-4
-4
-5
-5
-7
-7
-7
-6
-4
-3
-2
0
0
0
1
0
2
1
2
4
5
4
6
5
4
3
2
1
0
0
-1
-1
-1
-1
-1
-2
-2
0
2
2
3
5
7
10
7
3
-2
-7
-14
-18
-18
-18
-19
-19
-16
-13
-7
-5
-5
-2
-1
-1
7
21
33
42
49
57
66
69
66
58
47
35
23
12
8
8
6
7
12
16
16
17
14
11
9
7
10
22
32
42
52
61
66
62
58
61
54
49
48
42
40
41
38
39
34
25
1
-51
-92
-127
-173
-187
-185
-191
-172
-146
-120
-76
-37
-16
-8
-3
0
-3
-1
9
11
10
10
9
15
22
13
3
-7
-19
-31
-37
-43
-47
-48
-51
-41
-28
2
65
115
164
229
257
264
278
256
232
201
129
72
48
54
69
66
82
70
-8
-66
-95
-128
-153
-204
-234
-169
-74
19
139
256
311
305
292
295
294
253
178
109
69
53
29
15
2
-97
-267
-403
-503
-594
-683
-769
-801
-754
-652
-512
-368
-223
-112
-73
-64
-46
-58
-102
-143
-163
-167
-154
-128
-116
-104
-146
-266
-380
-479
-586
-668
-752
-745
-699
-713
-639
-567
-540
-467
-433
-419
-384
-386
-333
-243
20
623
1104
1517
2085
2278
2302
2406
2203
1903
1597
1031
488
205
82
15
-42
-2
-56
-287
-391
-438
-532
-601
-805
-984
-867
-672
-482
-164
167
362
503
652
783
852
814
679
522
487
479
419
450
474
318
121
-16
-208
-416
-649
-936
-1101
-1119
-1071
-953
-757
-556
-412
-274
-145
-70
-53
-98
-166
-200
-240
-266
-250
-234
-206
-216
-252
-289
-363
-433
-524
-636
-704
-729
-780
-817
-779
-766
-750
-667
-619
-568
-455
-336
80
735
1178
1689
2179
2284
2409
2470
2260
2077
1732
1141
638
333
188
47
-69
-71
-243
-505
-549
-561
-571
-620
-850
-950
-810
-656
-467
-174
98
265
410
613
804
932
955
816
683
650
526
392
367
222
-6
-172
-360
-491
-565
-766
-978
-1043
-1056
-1064
-989
-826
-666
-533
-382
-240
-125
-33
-5
-15
-23
-79
-152
-202
-243
-284
-325
-393
-442
-470
-488
-544
-592
-601
-684
-756
-826
-885
-872
-880
-845
-775
-683
-527
-169
526
1091
1580
2173
2398
2489
2649
2523
2300
2039
1465
864
507
308
158
22
-13
-124
-407
-508
-505
-542
-591
-836
-1053
-978
-848
-712
-435
-157
43
240
493
774
989
1084
999
866
807
694
551
433
255
37
-185
-404
-499
-551
-745
-948
-1056
-1085
-1078
-1055
-968
-842
-707
-580
-433
-256
-134
-96
-84
-62
-84
-161
-235
-299
-333
-381
-462
-505
-479
-457
-485
-503
-516
-554
-650
-739
-792
-865
-898
-915
-879
-781
-472
221
834
1420
2135
2423
2597
2843
2748
2566
2308
1688
1042
625
341
142
-10
-39
-104
-335
-421
-410
-427
-462
-740
-1013
-1010
-984
-911
-662
-400
-202
17
331
689
999
1200
1178
1075
1033
867
663
518
285
36
-211
-451
-542
-577
-679
-837
-962
-982
-995
-1032
-1008
-933
-839
-770
-672
-464
-287
-211
-134
-42
-20
-67
-146
-230
-268
-355
-475
-539
-574
-572
-567
-575
-571
-554
-585
-681
-757
-802
-869
-949
-943
-863
-411
297
799
1554
2240
2472
2797
2964
2879
2775
2310
1570
988
571
239
-48
-174
-156
-341
-528
-459
-394
-337
-450
-755
-863
-886
-954
-875
-661
-486
-334
-75
308
735
1083
1271
1295
1301
1262
1034
828
596
236
-81
-386
-615
-648
-676
-795
-865
-863
-845
-846
-864
-851
-838
-826
-819
-738
-573
-459
-384
-274
-144
-91
-101
-138
-189
-247
-386
-519
-588
-636
-660
-698
-730
-674
-662
-711
-721
-760
-798
-851
-900
-830
-358
230
682
1446
2013
2288
2705
2905
2944
2909
2483
1802
1232
820
428
50
-138
-253
-536
-692
-604
-504
-411
-498
-693
-715
-727
-768
-690
-560
-502
-445
-211
147
484
819
1065
1176
1315
1366
1256
1122
850
464
110
-230
-518
-689
-834
-988
-1046
-1012
-926
-855
-798
-762
-744
-700
-689
-658
-601
-569
-528
-456
-328
-253
-226
-213
-239
-254
-319
-425
-499
-599
-703
-775
-833
-825
-815
-851
-876
-878
-921
-909
-882
-525
131
525
1221
1913
2158
2581
2874
2929
2960
2668
2079
1502
1053
694
317
22
-108
-403
-686
-653
-586
-523
-598
-807
-826
-817
-861
-780
-648
-563
-525
-351
28
384
656
910
1071
1200
1284
1232
1173
999
672
340
43
-173
-391
-591
-711
-844
-934
-892
-845
-841
-827
-836
-835
-812
-767
-692
-646
-571
-454
-346
-260
-170
-143
-189
-236
-304
-371
-471
-572
-635
-723
-840
-841
-823
-892
-902
-959
-1027
-1035
-1031
-546
108
501
1291
1905
2153
2659
2932
3012
3038
2634
2005
1451
1027
664
248
1
-107
-460
-672
-545
-457
-417
-573
-785
-800
-868
-950
-876
-780
-733
-723
-500
-16
334
601
912
1094
1244
1345
1313
1274
1092
747
430
147
-79
-294
-491
-630
-759
-822
-798
-780
-781
-796
-828
-838
-822
-794
-757
-715
-670
-564
-442
-348
-247
-200
-199
-220
-280
-337
-445
-544
-630
-745
-820
-888
-914
-924
-987
-1040
-1048
-1049
-1024
-543
83
500
1303
1851
2108
2635
2880
2973
3001
2664
2066
1471
1095
744
288
55
-85
-461
-666
-557
-473
-417
-542
-724
-717
-762
-846
-814
-718
-714
-773
-573
-139
150
404
744
991
1233
1373
1366
1382
1214
847
511
213
-88
-404
-637
-774
-887
-921
-863
-799
-708
-660
-664
-612
-586
-602
-640
-674
-649
-621
-587
-543
-469
-411
-399
-373
-334
-337
-419
-483
-527
-621
-737
-826
-883
-952
-1056
-1144
-1148
-1147
-661
-22
390
1276
1852
2076
2627
2902
2986
2981
2570
1945
1363
950
595
193
20
-84
-432
-559
-368
-262
-216
-379
-578
-571
-684
-833
-817
-767
-820
-919
-687
-198
73
322
684
954
1200
1326
1344
1400
1236
863
525
257
-8
-348
-590
-673
-798
-882
-815
-738
-666
-665
-691
-655
-684
-709
-752
-795
-768
-746
-698
-653
-553
-453
-427
-407
-369
-336
-426
-483
-503
-590
-682
-796
-826
-836
-1014
-1076
-1136
-1019
-319
85
643
1550
1810
2161
2691
2851
2961
2811
2256
1650
1168
828
442
88
32
-199
-558
-440
-230
-127
-123
-348
-403
-382
-563
-683
-661
-674
-866
-909
-532
-184
-40
236
565
829
1023
1051
1151
1190
908
630
481
309
103
-112
-246
-304
-423
-494
-464
-424
-469
-633
-684
-695
-812
-891
-915
-910
-912
-857
-759
-639
-491
-444
-399
-373
-398
-459
-542
-613
-740
-840
-895
-940
-920
-884
-989
-990
-966
-840
-188
225
715
1528
1741
2037
2523
2653
2750
2606
2147
1620
1146
849
508
135
21
-202
-549
-494
-329
-243
-221
-394
-401
-332
-448
-508
-464
-450
-612
-685
-377
-83
13
214
493
737
919
983
1105
1162
925
632
452
305
50
-227
-343
-451
-590
-599
-542
-459
-424
-509
-526
-520
-558
-609
-681
-687
-728
-758
-718
-647
-535
-525
-520
-494
-503
-509
-563
-605
-674
-791
-862
-894
-922
-977
-1032
-1125
-1136
-609
-84
296
1146
1634
1830
2347
2662
2776
2801
2430
1774
1257
905
485
57
-81
-248
-629
-668
-421
-238
-124
-225
-295
-171
-233
-402
-392
-315
-517
-741
-521
-196
-83
28
279
589
831
894
985
1162
1040
727
553
463
260
-90
-318
-397
-527
-646
-643
-541
-476
-548
-574
-483
-483
-549
-619
-687
-691
-701
-695
-658
-572
-496
-503
-482
-408
-394
-509
-577
-625
-733
-819
-919
-953
-956
-1079
-1167
-1204
-748
-156
138
997
1587
1720
2256
2650
2791
2854
2541
1909
1377
1005
598
172
-48
-215
-610
-734
-483
-305
-159
-206
-320
-174
-148
-308
-322
-267
-443
-723
-594
-268
-200
-114
95
360
681
808
864
1079
1059
717
535
487
282
20
-186
-324
-397
-483
-505
-387
-287
-392
-482
-406
-422
-516
-593
-664
-741
-790
-743
-698
-600
-506
-489
-441
-405
-373
-409
-481
-579
-721
-799
-897
-985
-995
-1087
-1226
-1275
-1174
-637
-154
302
1174
1578
1840
2421
2732
2868
2842
2434
1866
1359
940
543
152
-82
-350
-689
-680
-491
-346
-226
-323
-344
-197
-242
-342
-329
-329
-536
-713
-512
-274
-222
-95
126
421
707
788
942
1174
1061
804
704
606
369
36
-194
-319
-497
-624
-624
-529
-472
-553
-535
-407
-381
-408
-469
-509
-542
-599
-602
-586
-524
-540
-580
-521
-476
-467
-516
-539
-606
-712
-747
-814
-865
-941
-1078
-1181
-1268
-899
-398
-95
675
1226
1455
2007
2457
2698
2827
2627
2098
1624
1257
823
376
76
-190
-607
-773
-615
-477
-356
-382
-408
-222
-146
-228
-208
-155
-329
-590
-550
-305
-273
-291
-103
115
394
576
707
1014
1096
884
746
718
571
260
-13
-140
-287
-523
-605
-528
-463
-514
-565
-467
-407
-416
-453
-477
-475
-541
-593
-585
-502
-485
-559
-532
-466
-446
-486
-482
-486
-585
-670
-749
-779
-813
-981
-1108
-1180
-1141
-721
-343
162
903
1193
1555
2142
2464
2681
2704
2367
1895
1462
1082
679
273
-23
-369
-710
-735
-590
-458
-395
-453
-338
-128
-138
-167
-82
-106
-359
-534
-395
-271
-352
-325
-125
106
320
441
700
1004
959
802
813
820
597
288
105
-66
-336
-559
-610
-560
-563
-677
-657
-508
-442
-423
-406
-362
-379
-456
-469
-434
-396
-480
-565
-554
-533
-577
-615
-589
-625
-695
-725
-692
-695
-769
-875
-992
-1045
-749
-403
-106
556
922
1126
1675
2101
2358
2544
2412
2009
1675
1384
1004
604
273
-78
-493
-667
-610
-552
-500
-545
-501
-254
-149
-172
-75
5
-159
-372
-320
-210
-281
-367
-291
-103
68
149
340
688
799
718
761
858
789
560
365
188
-55
-331
-515
-554
-583
-715
-803
-676
-548
-503
-459
-385
-306
-324
-326
-290
-266
-334
-467
-512
-523
-571
-662
-706
-690
-732
-757
-694
-658
-658
-721
-791
-845
-713
-400
-174
281
715
883
1270
1708
1977
2197
2233
1960
1665
1455
1171
826
492
196
-168
-454
-498
-467
-453
-519
-553
-373
-193
-189
-136
13
-23
-198
-227
-109
-112
-244
-267
-173
-39
18
84
357
557
532
549
685
736
617
446
304
166
-88
-325
-412
-477
-618
-749
-718
-626
-562
-503
-448
-348
-278
-241
-199
-161
-158
-249
-367
-424
-452
-591
-726
-739
-785
-812
-783
-740
-671
-672
-710
-740
-671
-417
-187
113
546
743
931
1313
1600
1805
1938
1807
1554
1374
1188
941
655
387
96
-220
-368
-361
-365
-432
-531
-477
-291
-237
-211
-58
14
-92
-167
-78
2
-79
-153
-115
-26
17
6
171
396
410
372
460
567
551
447
341
244
70
-169
-287
-326
-438
-598
-669
-615
-557
-519
-475
-408
-340
-290
-232
-168
-118
-144
-223
-272
-285
-363
-507
-573
-624
-700
-718
-718
-708
-701
-727
-761
-723
-499
-235
18
413
679
826
1124
1415
1598
1730
1662
1413
1231
1082
871
626
383
141
-129
-281
-285
-275
-327
-429
-429
-277
-182
-179
-82
14
-53
-152
-127
-49
-82
-172
-154
-76
-12
-1
88
305
380
325
376
489
490
417
325
213
92
-94
-236
-271
-336
-476
-579
-554
-485
-453
-426
-365
-299
-265
-223
-147
-79
-107
-164
-200
-221
-239
-360
-441
-476
-569
-605
-626
-624
-616
-660
-685
-680
-661
-542
-319
-79
255
511
657
944
1224
1412
1542
1540
1408
1222
1061
904
695
432
179
-46
-215
-280
-314
-350
-411
-426
-324
-229
-159
-72
9
19
-43
-55
-3
-18
-92
-104
-56
-27
-19
62
199
284
294
317
399
431
376
305
244
139
-38
-170
-230
-315
-452
-542
-521
-501
-503
-456
-379
-319
-280
-196
-102
-68
-86
-83
-86
-155
-193
-259
-347
-402
-463
-509
-526
-536
-577
-596
-587
-625
-639
-522
-339
-152
124
386
551
771
1014
1209
1330
1340
1245
1097
955
813
641
437
214
-3
-140
-195
-246
-281
-320
-343
-297
-215
-143
-78
-19
-17
-57
-60
-37
-56
-104
-121
-118
-102
-78
-20
102
162
160
210
280
311
320
302
255
194
92
0
-59
-142
-247
-343
-386
-394
-407
-408
-362
-312
-281
-232
-174
-114
-88
-93
-80
-86
-129
-162
-187
-255
-314
-334
-379
-408
-408
-429
-468
-478
-472
-494
-459
-360
-220
-31
163
345
526
709
868
1008
1091
1076
1000
892
784
653
480
310
139
-8
-114
-175
-209
-239
-258
-241
-187
-134
-82
-35
-8
-10
-33
-40
-52
-76
-103
-116
-109
-103
-84
-55
-31
6
41
72
118
165
174
169
189
194
167
132
99
53
-3
-37
-59
-83
-113
-129
-125
-116
-104
-89
-75
-65
-52
-37
-26
-18
-13
-16
-29
-35
-32
-37
-43
-44
-41
-37
-33
-20
2
12
13
18
25
32
35
35
34
27
14
4
-2
-8
-15
-23
-28
-27
-27
-26
-22
-17
-14
-11
-10
-7
-5
-4
-4
-4
-4
-4
-3
-2
1
3
5
6
8
11
14
17
18
23
23
20
14
3
-8
-21
-35
-50
-65
-81
-92
-96
-94
-87
-81
-72
-56
-41
-24
-8
4
12
16
21
25
25
18
12
7
0
-3
-5
-3
-4
-4
-2
0
1
0
-1
-3
-6
-9
-11
-11
-12
-12
-13
-11
-6
-4
-2
3
6
8
9
12
13
13
12
11
9
8
6
5
3
2
1
0
0
1
0
0
0
1
0
0
0
-1
-1
-2
-2
-2
-1
-2
-1
-1
-1
0
1
2
4
3
4
4
3
4
3
1
0
0
-1
-2
-2
-3
-3
-3
-3
-2
-3
-2
-2
-2
-2
-2
-2
-3
-4
-4
-5
-6
-6
-5
-6
-7
-8
-7
-7
-6
-5
-3
0
2
5
7
10
12
12
14
12
11
9
7
6
3
2
0
-1
-2
-3
-2
-2
-2
-2
-1
-1
-1
-1
-1
-1
-1
-1
-2
-2
-3
-2
-3
-2
-2
-2
-2
-2
-2
-1
1
1
2
2
4
5
5
5
5
5
4
3
2
2
1
-1
-1
-2
-1
-1
-1
-1
-1
-1
-1
-1
0
0
0
0
0
0
0
0
0
0
0
0
1
1
1
1
2
2
1
0
1
0
0
-1
0
-1
-1
-2
-1
-2
-2
-2
-2
-1
-1
-1
0
-1
0
0
0
0
0
0
-1
-1
-1
-1
-2
-2
-2
-2
-1
-1
-2
-2
-2
-2
-2
-1
0
1
0
2
2
2
2
2
2
2
1
1
1
0
0
1
0
0
0
1
0
0
0
1
0
0
-1
0
0
0
0
0
1
1
0
0
-1
-1
0
0
0
0
-1
0
0
1
0
0
1
0
0
1
0
1
0
0
0
0
0
0
-1
0
0
0
0
0
0
1
0
0
0
0
0
0
-1
-1
0
-1
0
0
0
0
0
0
0
0
0
0
0
0
0
0
-1
0
0
0
0
1
0
1
0
0
0
0
0
0
0
0
-1
1
-1
0
0
0
0
0
0
0
0
1
0
1
0
0
0
1
-1
0
0
0
0
0
0
0
0
0
0
-1
0
0
0
0
1
1
0
1
0
0
0
1
0
0
0
0
0
0
-1
-1
-1
-1
0
0
0
0
0
-1
0
0
0
0
0
-1
0
-1
0
1
0
0
1
0
0
-1
0
-1
0
0
0
-1
0
1
-1
0
0
0
0
-1
0
1
0
-1
1
1
0
1
-1
0
0
1
0
0
-1
1
0
0
1
0
0
0
0
1
0
0
0
0
1
0
-1
0
-1
0
1
0
1
-1
0
1
0
0
0
0
0
-1
0
0
0
0
0
0
0
0
0
0
-1
0
1
0
1
0
-1
0
0
1
0
0
0
0
0
0
-1
0
-1
0
0
0
0
0
0
0
1
0
1
0
0
0
0
0
0
0
0
0
0
0
-1
0
0
0
0
0
0
1
0
0
0
0
1
0
0
0
0
0
0
0
0
0
-1
0
1
0
0
0
0
0
0
0
0
0
0
0
0
0
0
0
0
1
0
0
0
-1
0
0
0
1
0
0
0
-1
0
0
0
0
1
1
0
1
0
0
-1
0
-1
0
0
0
0
0
0
0
0
0
0
0
0
0
1
0
0
0
0
0
0
0
0
0
0
0
0
0
0
0
0
0
0
1
0
0
0
1
0
0
0
0
0
0
0
0
1
1
0
0
1
0
0
0
0
0
1
0
0
-1
1
0
-1
-1
0
0
0
0
0
1
0
1
0
0
0
1
0
-1
0
-1
0
0
-1
0
0
0
-1
0
0
0
0
0
0
0
0
1
-1
0
0
0
0
-1
0
0
0
0
0
1
0
0
0
0
1
0
0
0
1
1
0
0
0
0
0
0
0
1
0
1
0
-1
0
0
0
1
0
0
0
0
0
0
1
0
1
1
1
0
0
0
0
0
0
0
0
0
0
0
0
0
0
0
0
-1
0
-1
0
0
0
0
0
0
0
-1
1
0
1
0
0
0
0
1
0
0
-1
0
0
-1
-1
-1
0
0
0
0
0
0
1
0
0
0
1
1
0
1
1
0
0
0
0
0
-1
0
0
0
0
1
1
1
1
2
3
2
3
2
3
2
2
3
2
2
2
2
2
2
1
1
0
0
0
0
-1
-1
-2
-3
-2
-2
-1
-1
0
0
-1
0
0
-2
0
-1
0
-2
-2
-1
-1
-1
-2
-1
-1
-2
-1
-2
-2
-1
-2
-1
-2
-1
0
-1
0
0
0
0
0
0
1
1
1
2
2
2
2
2
2
2
2
1
0
0
1
1
2
1
3
3
3
4
5
5
7
8
9
9
9
11
10
10
10
10
8
7
5
5
4
1
-1
-3
-4
-6
-7
-8
-10
-11
-11
-10
-10
-8
-6
-6
-5
-5
-2
-2
-4
-5
-7
-11
-13
-15
-17
-21
-24
-26
-26
-26
-26
-26
-25
-24
-23
-22
-22
-23
-22
-17
-10
-6
-2
1
4
8
12
17
19
19
16
12
11
10
10
8
7
5
5
7
10
13
14
14
14
15
18
18
18
20
21
20
20
19
19
18
19
18
15
12
8
5
1
-5
-8
-6
-6
-7
-10
-11
-15
-15
-11
-10
-9
-8
-6
-2
2
5
5
5
3
2
0
1
-1
-3
-6
-11
-16
-20
-20
-18
-15
-15
-13
-11
-11
-10
-10
-10
-11
-12
-9
-6
-2
1
5
12
17
17
19
17
14
12
9
8
6
3
1
3
5
5
3
3
2
2
4
4
6
7
8
8
7
6
8
12
13
11
12
15
13
12
11
8
5
1
-2
-4
-6
-8
-11
-10
-11
-10
-6
-3
0
1
3
5
6
5
4
4
5
5
2
2
1
-2
-7
-10
-9
-8
-5
-5
-6
-8
-9
-8
-8
-9
-14
-15
-15
-15
-15
-13
-10
-10
-8
-4
-4
-2
0
0
-2
-3
-4
-4
-5
-6
-5
-2
-3
-1
1
-1
-1
-1
1
2
3
5
5
6
8
13
15
16
16
13
12
13
14
15
12
10
8
7
7
4
5
5
4
3
3
1
3
4
1
2
2
1
2
2
3
4
4
3
3
3
1
-5
-9
-9
-12
-11
-12
-14
-13
-10
-5
-2
-3
-3
-5
-6
-7
-8
-9
-8
-9
-11
-8
-4
-4
-1
-1
-4
-5
-6
-4
-5
-4
-2
1
2
5
9
9
9
8
8
7
6
6
6
6
6
8
8
10
12
11
12
13
10
10
9
7
4
3
0
-3
-5
-8
-10
-13
-10
-8
-7
-5
-6
-5
-5
-4
-5
-3
-3
-3
0
1
0
-1
0
-3
-6
-9
-9
-8
-6
-2
1
2
4
6
4
3
0
-3
-2
-2
-1
2
3
4
4
4
2
2
3
2
4
6
7
7
5
4
3
3
2
1
1
4
4
5
5
5
3
1
-2
-3
-6
-5
-3
-3
-2
-1
1
2
2
2
1
1
1
1
-3
-7
-9
-10
-12
-9
-9
-8
-6
-5
-3
-4
-5
-6
-9
-10
-9
-6
-5
-3
-3
-2
-3
-5
-6
-7
-7
-7
-4
-4
-1
4
7
11
12
12
14
15
15
13
11
7
3
2
3
4
5
8
9
7
8
9
9
7
4
1
0
1
3
5
6
7
7
6
6
7
7
8
6
4
1
1
-1
-3
-4
-3
-3
-1
2
2
2
-1
-1
-6
-8
-11
-14
-16
-16
-16
-15
-13
-12
-14
-14
-11
-9
-4
0
0
1
-1
-2
-3
-4
-6
-7
-8
-9
-8
-5
-6
-4
-3
-1
1
3
6
8
8
9
9
8
8
6
4
2
1
2
1
2
1
-2
-2
0
0
0
-1
0
-1
-1
0
1
2
2
4
6
8
8
9
9
9
9
6
4
5
4
2
1
2
1
0
3
4
4
4
3
1
1
-1
-2
-3
-3
-5
-4
-4
-3
-1
-1
-2
-1
0
2
2
4
3
5
2
-1
-3
-5
-8
-10
-10
-8
-5
-3
-1
2
3
4
3
4
3
1
2
1
0
0
-2
-6
-7
-7
-5
-4
-3
-4
-4
-7
-7
-7
-7
-6
-6
-4
-1
1
2
4
5
5
3
1
0
1
1
0
0
0
0
0
1
2
3
0
1
4
4
4
6
8
9
8
7
6
5
1
-3
-4
-4
-4
-3
-2
0
2
5
8
11
11
10
7
5
3
0
-4
-7
-10
-11
-9
-7
-4
-1
0
3
5
5
5
4
2
1
-2
-3
-4
-7
-9
-9
-10
-9
-10
-9
-7
-6
-4
-4
-5
-4
-5
-5
-4
-2
1
2
3
5
5
4
4
5
6
8
8
7
5
3
2
1
1
0
0
-1
-2
-2
-3
-1
0
0
2
4
5
6
5
4
5
4
4
6
6
6
7
7
7
6
4
3
3
2
1
-2
-7
-10
-12
-14
-15
-15
-16
-15
-10
-5
-2
1
1
3
6
5
4
4
4
2
2
3
0
-2
-4
-3
-4
-4
-4
-5
-7
-6
-7
-8
-7
-6
-6
-6
-5
-2
-1
1
3
4
6
6
10
13
15
16
16
15
10
5
2
-1
-2
-3
-1
0
1
3
3
3
2
1
2
5
8
10
13
16
17
17
15
14
11
9
7
3
-2
-5
-10
-15
-18
-22
-21
-20
-17
-15
-12
-11
-9
-10
-10
-9
-8
-6
-5
-3
-5
-6
-6
-6
-6
-8
-9
-9
-9
-10
-10
-9
-8
-8
-9
-9
-8
-6
-6
-6
-4
-3
-2
0
3
4
6
8
9
12
13
13
14
15
17
19
19
18
18
17
15
13
12
10
9
7
7
7
6
5
6
6
4
6
6
8
7
7
8
9
9
9
8
7
2
0
-3
-4
-8
-10
-12
-14
-15
-14
-12
-9
-6
-5
-2
-1
-1
-4
-5
-7
-6
-8
-8
-9
-9
-8
-7
-7
-7
-7
-7
-8
-9
-12
-14
-14
-15
-15
-14
-13
-13
-10
-8
-5
-4
-2
1
2
4
5
7
7
7
8
8
10
10
10
8
6
6
7
6
4
4
4
4
6
7
7
7
8
10
12
15
16
16
16
15
13
10
8
8
6
6
4
1
0
-2
-5
-7
-10
-12
-15
-14
-12
-10
-8
-6
-6
-4
-4
-2
-1
0
1
2
2
2
-2
-4
-6
-6
-8
-9
-10
-10
-8
-9
-9
-10
-10
-9
-9
-9
-9
-7
-6
-5
-4
-2
1
3
6
9
10
11
12
12
13
13
12
11
11
9
6
4
2
1
-1
-3
-5
-4
-2
-2
-2
0
2
5
7
9
12
13
15
15
17
17
14
11
7
3
-2
-5
-8
-9
-11
-13
-13
-13
-11
-9
-6
-4
-3
-2
-1
2
3
5
4
4
5
4
3
2
1
-1
-5
-7
-8
-9
-10
-11
-13
-14
-15
-13
-11
-13
-13
-12
-10
-9
-8
-6
-5
-2
-1
1
3
4
5
4
5
5
5
7
7
8
8
7
4
2
0
-1
-3
-4
-5
-5
-3
-2
2
3
6
8
9
11
15
16
18
18
18
18
17
15
13
9
5
3
0
-1
-3
-2
-1
1
2
3
5
5
5
3
4
2
4
5
4
3
1
1
0
-2
-5
-6
-8
-11
-11
-11
-11
-11
-9
-12
-14
-14
-13
-14
-14
-12
-12
-10
-8
-7
-5
-5
-3
-3
-2
-3
-1
1
1
-1
0
0
-1
-2
-3
-2
-2
-3
-3
-2
-2
-2
-1
0
0
1
4
6
7
8
12
14
15
15
14
13
12
8
5
3
0
-3
-3
-4
-4
-3
-2
-1
-1
-1
1
2
3
4
4
6
7
8
6
5
6
7
6
5
4
3
1
-2
-4
-6
-6
-8
-9
-10
-11
-11
-9
-10
-10
-10
-9
-8
-7
-4
-3
-1
0
2
3
4
4
4
4
4
5
5
5
2
1
-2
-3
-4
-5
-6
-7
-7
-7
-4
-2
1
2
4
6
7
9
10
10
9
8
7
6
7
6
5
4
2
2
2
1
1
0
-1
-3
-2
-1
-1
1
1
0
0
0
-2
-1
-1
-1
-1
-2
-1
-1
-2
-2
-4
-5
-6
-7
-10
-10
-10
-10
-10
-9
-8
-7
-7
-7
-8
-8
-7
-5
-3
0
1
3
3
2
2
5
5
6
5
6
7
8
8
8
8
7
4
3
1
0
1
0
0
1
1
3
5
5
5
6
6
8
8
8
6
5
3
3
2
2
2
0
-1
-4
-4
-4
-3
-2
-2
-2
-1
0
0
1
0
-1
-2
-3
-4
-6
-5
-5
-3
-2
-2
-4
-6
-7
-8
-8
-7
-6
-4
-6
-6
-5
-2
-1
0
1
-1
-1
-2
0
1
3
4
4
5
4
4
5
5
5
4
3
2
2
2
2
3
2
2
1
2
0
1
1
1
0
-1
-1
0
0
0
-2
-2
-2
-4
-5
-6
-7
-8
-6
-4
-3
-2
-2
0
2
5
6
8
9
9
8
7
5
