0
4
4
-4
-1
6
10
7
-3
-5
2
13
17
12
5
0
2
-1
-10
-9
-1
1
2
5
5
1
-5
-10
-9
-4
-8
-8
-7
-3
2
2
-2
-6
-10
-13
-10
-8
-4
-5
-4
0
4
5
2
-3
-3
-3
-3
-4
-5
-7
-10
-12
-10
-8
-2
6
9
5
7
7
5
0
-3
5
6
5
10
13
14
13
13
14
13
6
4
4
5
2
-3
-10
-16
-16
-15
-13
-10
1
15
24
26
17
9
1
-8
-12
-12
-13
-11
-11
-10
-14
-22
-28
-28
-24
-20
-18
-16
-11
0
7
5
1
-4
-2
-2
-1
-2
-3
-3
-6
-9
-8
-4
-3
-4
-2
3
5
4
8
7
9
15
19
15
14
16
9
3
4
10
10
6
7
10
6
2
8
9
6
4
2
3
-1
0
-3
-9
-11
-7
-9
-9
1
8
8
11
12
10
9
14
18
14
9
7
2
2
3
5
4
6
14
13
10
10
14
14
9
11
12
11
11
10
7
4
-3
-12
-14
-15
-19
-23
-25
-23
-26
-29
-22
-18
-16
-11
-11
-14
-15
-2
9
7
6
6
0
-7
-14
-15
-14
-17
-14
-6
0
4
7
3
-3
-8
-15
-19
-18
-13
0
8
8
6
0
-8
-16
-21
-18
-15
-13
-7
-5
-1
2
6
8
7
6
9
14
10
8
9
12
10
1
-4
-2
-4
-5
-2
0
-2
-6
-5
0
4
10
13
18
16
15
17
13
7
3
6
7
14
19
19
20
19
18
18
16
15
12
5
7
5
3
6
9
8
6
9
9
0
-7
-3
0
2
4
7
13
18
17
11
4
-3
-7
-6
-1
-2
-8
-13
-12
-11
-9
-15
-15
-5
-1
0
-5
-9
-6
-3
-9
-13
-14
-12
-10
-10
-11
-7
-2
-1
2
-1
-10
-18
-23
-25
-25
-24
-20
-18
-18
-17
-13
-15
-18
-15
-9
-5
-4
-2
1
1
0
0
5
4
-5
-10
-5
-2
3
11
11
10
6
5
-2
-4
0
-7
-13
-12
-10
-10
-5
6
14
7
-3
3
9
7
9
16
18
15
10
4
4
8
6
11
22
22
17
12
6
3
8
16
22
32
31
17
11
12
11
6
3
8
15
20
18
15
12
9
4
0
3
7
8
11
13
13
8
9
9
3
4
5
1
-1
0
-2
-7
-15
-19
-18
-22
-29
-27
-18
-15
-17
-21
-28
-29
-31
-25
-16
-11
-3
-2
1
7
1
-6
-10
-13
-11
-10
-10
-7
-12
-15
-16
-13
-16
-21
-14
-4
1
-1
-5
-8
-7
-9
-14
-10
-3
4
9
9
12
15
16
17
20
24
27
26
24
23
21
11
0
-9
-13
-9
-8
-12
-11
-11
-14
-18
-13
-9
-7
-1
7
10
12
10
6
5
4
8
10
10
8
9
7
-2
-5
-4
-4
-2
4
7
6
2
2
-1
-5
-10
-13
-6
5
11
13
13
11
10
4
3
2
1
4
12
17
17
22
21
13
11
16
17
11
11
16
17
10
5
9
4
-11
-16
-12
-14
-17
-6
3
-1
-5
-1
1
-6
-13
-14
-7
-2
-4
-4
-5
-8
-10
-5
-2
-2
-7
-15
-22
-26
-28
-21
-12
-7
-7
-3
0
0
-1
-7
-14
-18
-27
-32
-24
-16
-12
-7
5
8
-1
0
2
4
7
10
10
3
-1
1
-3
-10
-12
-4
1
4
4
0
-5
-13
-17
-11
-2
3
10
15
15
17
17
14
4
5
12
15
13
9
10
8
0
-7
0
7
8
8
11
17
14
17
23
16
8
7
7
10
11
20
21
11
17
19
9
5
8
7
0
1
6
7
4
9
17
19
15
12
8
-4
-19
-27
-25
-18
-6
-1
2
0
-3
-7
-17
-21
-15
-14
-18
-22
-24
-23
-17
-13
-14
-10
0
-1
-7
-1
4
-5
-7
-5
-12
-21
-19
-13
-10
-4
-1
-8
-12
-12
-12
-15
-14
-8
-8
-10
-7
-4
-5
-13
-16
-6
2
3
9
20
20
15
12
9
5
0
0
-4
-8
-5
-4
-3
-4
-11
-10
-6
-5
-1
-1
2
6
12
18
16
16
22
25
19
16
17
15
11
18
26
27
22
20
20
13
3
-1
0
0
0
3
8
13
18
27
29
28
26
21
19
18
13
5
-7
-11
-7
-8
-15
-19
-12
-7
-11
-20
-25
-22
-18
-10
-8
-10
-11
-5
0
-5
-14
-15
-11
-20
-25
-18
-14
-19
-16
-7
-3
-7
-15
-20
-23
-17
-13
-9
-8
-6
-2
-6
-8
-11
-17
-17
-16
-17
-20
-16
-10
4
13
12
12
14
14
8
2
2
3
0
-3
1
6
2
-5
-11
-13
-7
7
8
4
15
30
33
30
26
24
24
24
23
19
10
8
9
7
8
10
15
17
14
9
8
10
10
8
5
8
10
13
17
10
2
-4
-13
-17
-13
-14
-16
-15
-10
-7
-6
-1
-5
-13
-18
-20
-19
-9
-8
-12
-11
-11
-9
-13
-18
-10
-1
-5
-8
2
10
10
8
10
5
3
6
4
5
10
11
8
2
-1
-2
-6
-6
-10
-6
-2
-4
-5
-2
0
-8
-6
3
9
11
10
10
5
-2
-3
2
1
-2
-4
-12
-15
-7
-3
-5
-13
-21
-24
-19
-9
-2
5
11
13
13
10
7
4
-3
-4
2
5
6
7
6
8
11
9
3
2
1
-5
-7
-1
0
3
5
5
-2
-10
-14
-8
-2
6
15
19
19
17
15
7
2
2
-3
-8
-5
-4
-7
-8
-7
-4
-2
2
5
6
2
3
1
-12
-13
-9
-9
-10
-10
-9
-11
-7
0
6
7
7
4
6
8
11
11
3
4
7
7
1
-3
-2
-7
-10
-7
-4
-11
-11
-2
1
-4
-10
-2
9
7
3
3
7
9
6
9
10
8
12
10
7
5
0
-4
-4
0
3
1
1
-2
-6
-6
-7
-7
-3
-1
0
1
8
18
20
15
9
3
-1
0
-2
-5
-14
-13
-1
-4
-13
-11
-4
-1
-9
-19
-20
-12
-1
5
5
5
4
6
4
1
6
11
11
7
1
-3
-6
-10
-10
-8
-9
-7
-5
-2
-2
-2
-2
-7
-11
-13
-15
-20
-20
-17
-16
-16
-13
-7
2
9
11
14
11
3
1
5
7
7
8
13
18
19
19
20
14
10
10
11
12
9
2
1
2
3
9
12
8
10
8
1
-5
-7
-8
-10
-10
-9
-5
0
8
15
13
7
-1
-5
-3
-4
-5
0
1
3
4
8
7
2
-4
-6
-4
-4
-6
-11
-12
-11
-15
-14
-10
-5
-8
-6
-2
-3
-5
-7
-11
-13
-10
-5
2
8
8
6
-4
-12
-6
-3
-3
-2
5
13
12
10
13
8
-3
-9
-8
-2
2
-2
-2
-4
-4
2
2
0
-1
-3
-5
-6
0
11
18
24
24
14
4
2
6
8
9
2
-1
1
-2
-7
-14
-16
-14
-10
-8
-9
-8
-5
2
7
8
2
-4
-9
-9
-9
-10
-7
-1
2
6
5
-4
-12
-12
-9
-10
-12
-10
-2
4
5
6
3
1
1
0
4
6
5
6
7
13
18
15
8
7
10
11
6
3
5
8
11
8
2
3
3
1
0
-2
-6
-5
3
12
12
8
9
13
15
13
13
12
6
3
2
-4
-9
-10
-10
-15
-17
-9
-2
-5
-7
-4
-7
-17
-18
-19
-12
-2
3
2
-5
-9
-10
-11
-12
-14
-16
-14
-8
-4
-3
-5
-3
2
2
1
5
6
3
1
0
-8
-16
-19
-17
-10
-5
-4
-3
2
-1
-2
-4
-9
-8
1
1
-6
-7
-4
-8
-14
-14
-10
-9
-6
2
8
9
10
17
21
18
16
23
30
34
33
33
31
24
19
21
19
15
15
18
21
17
12
12
14
14
17
21
19
13
9
4
-1
-6
-5
-5
-3
0
3
0
-3
-2
-4
-7
-12
-12
-12
-11
-6
-1
-3
-9
-16
-21
-28
-37
-40
-37
-31
-25
-21
-15
-9
-8
-8
-5
-7
-15
-20
-23
-20
-17
-15
-12
-12
-13
-9
-4
-8
-16
-15
-11
-14
-11
-5
-2
4
6
3
9
16
16
10
6
7
7
7
3
5
15
15
9
6
8
12
14
10
10
14
18
20
17
17
16
16
15
9
3
5
11
16
18
19
14
13
12
15
17
13
6
6
14
21
17
10
8
4
-2
-8
-9
-11
-11
-10
-9
-9
-12
-12
-5
1
2
-2
-2
0
-3
-12
-19
-23
-25
-26
-28
-23
-17
-8
-8
-9
-5
2
9
11
9
3
1
1
-2
-4
-3
0
0
-4
-10
-12
-8
-3
-6
-10
-2
5
4
2
-1
-2
0
5
5
6
4
1
-1
-3
-2
-5
-6
-1
1
1
3
3
3
-3
-10
-9
-4
-4
-13
-18
-11
-5
-4
-4
-3
-1
2
2
7
5
-6
-4
8
14
13
17
25
25
21
16
13
8
8
13
15
16
12
11
13
10
6
10
20
19
14
12
11
3
-9
-16
-22
-24
-27
-31
-32
-24
-17
-14
-16
-17
-16
-20
-22
-18
-11
-6
-4
-2
4
6
2
-4
-7
-7
-5
-3
2
8
8
6
5
7
8
10
12
9
6
6
5
0
2
6
8
7
3
-2
0
6
10
10
9
10
17
20
16
12
11
7
-1
-4
7
19
18
13
8
4
-6
-16
-15
-7
-3
0
10
17
15
7
1
-1
-5
-9
-10
-6
-2
-1
1
4
4
0
-7
-12
-15
-12
-7
-5
-5
-5
-8
-13
-18
-24
-26
-23
-18
-16
-12
-5
-3
-8
-16
-15
-12
-12
-17
-21
-20
-10
-2
-1
-2
3
7
5
-3
-4
1
3
3
0
-2
-1
5
7
6
9
15
17
11
4
1
6
8
5
10
19
19
18
18
14
16
18
18
17
19
20
15
13
12
13
15
15
8
4
4
0
-4
-6
-5
-1
-4
-5
-5
-1
2
0
-4
-2
-3
-8
-5
2
6
5
-3
-9
-12
-18
-23
-23
-13
-4
-5
-10
-10
-8
-10
-10
-6
-3
-4
1
7
9
4
2
1
-7
-14
-10
-7
-8
-5
-3
-3
-1
7
10
9
5
5
4
0
-1
2
4
5
5
4
6
9
10
11
8
4
-1
-5
-8
-9
-4
-1
-1
-3
-3
-3
-6
-7
-4
-4
-4
-3
-1
2
4
7
10
15
14
10
11
12
9
4
5
7
7
1
-5
-6
-4
-1
1
3
-1
-4
-7
-13
-21
-25
-33
-39
-35
-26
-20
-20
-18
-13
-9
-5
-3
-1
-2
0
4
3
-2
-4
-1
5
6
8
10
12
11
5
7
9
7
6
12
14
16
18
17
11
11
14
14
11
9
10
13
20
24
21
19
22
24
22
18
19
19
18
14
8
2
-1
-6
-8
-7
-10
-12
-14
-13
-10
-6
-3
-2
-3
-7
-13
-18
-17
-15
-14
-8
-3
-3
-8
-11
-12
-10
-4
-4
-9
-11
-9
-12
-11
-8
-8
-6
-5
-9
-12
-13
-15
-18
-19
-12
-5
-1
-1
-4
-7
-8
-8
-8
-12
-16
-13
-8
-7
-4
-1
1
1
-1
-1
0
-1
-6
-5
-2
-2
-4
-3
-3
1
7
14
19
25
30
33
27
21
15
9
1
-1
6
12
18
21
23
19
13
7
4
7
8
8
12
16
17
15
10
7
5
8
9
8
6
6
2
-2
-4
-5
-6
-9
-6
2
5
2
-1
1
2
-3
-6
-5
-7
-8
-7
-4
0
1
-1
-3
-8
-8
-7
-7
-7
-8
-9
-7
-8
-12
-20
-25
-24
-19
-16
-15
-17
-19
-20
-20
-21
-19
-16
-13
-6
-3
-5
-6
-5
-6
-4
0
3
5
8
8
4
-2
-5
-7
-5
0
9
15
15
13
11
12
10
9
9
5
1
4
8
7
3
0
-3
4
10
11
11
16
19
20
19
19
15
11
14
18
18
13
11
11
9
5
0
-2
-4
2
10
14
11
10
10
7
1
2
1
-8
-11
-11
-11
-10
-6
2
6
2
-5
-3
-1
-4
-14
-21
-21
-20
-12
-4
-1
1
-1
-4
-5
-11
-20
-21
-21
-16
-15
-17
-15
-9
-6
-3
-6
-8
-5
-5
-5
-5
-3
-6
-8
-6
-1
1
-3
0
4
4
-1
-6
-8
-4
-3
-4
-5
-5
-5
0
6
9
9
11
12
16
14
14
15
10
9
12
13
11
11
14
13
8
8
11
9
8
8
8
6
3
3
3
2
5
10
11
14
16
18
17
11
6
3
0
-2
-4
-6
-5
-4
-6
-8
-6
-6
-11
-18
-21
-19
-16
-13
-7
-4
0
1
0
-4
-7
-5
-3
-4
-9
-12
-12
-12
-11
-3
3
6
7
3
-1
-6
-10
-11
-11
-12
-11
-9
-10
-10
-11
-12
-10
-8
-1
4
9
14
15
18
16
13
10
12
12
11
10
7
6
7
6
1
-2
-1
-5
-6
-7
-10
-10
-9
-4
-2
1
-4
-2
-1
-5
-1
3
2
4
3
4
7
8
9
7
7
9
8
6
3
2
1
2
2
3
5
8
9
11
12
10
7
3
6
8
4
-2
-7
-9
-7
-4
-3
-1
1
7
5
0
-1
-1
-2
-7
-8
-8
-6
-9
-14
-19
-19
-15
-13
-14
-12
-8
-8
-9
-6
-6
-8
-7
-6
-1
0
-2
-5
-11
-13
-13
-11
-9
-3
3
6
8
3
0
3
6
8
10
12
13
14
11
7
5
6
6
8
10
10
12
11
11
12
14
14
13
11
8
4
1
0
1
2
-1
0
-1
-1
-1
-4
-6
-5
-3
0
0
1
9
9
5
7
11
12
8
6
4
-1
-3
-6
-8
-10
-7
-3
-4
-6
-6
-5
-8
-12
-8
-3
2
6
3
-2
-7
-6
-6
-4
-4
-9
-9
-5
-8
-15
-18
-23
-25
-21
-11
-6
-1
2
1
-2
-7
-10
-9
-11
-11
-4
-1
0
-1
-3
-2
2
8
11
10
12
17
16
17
17
19
18
17
13
3
-4
-7
-6
-7
-7
-1
1
3
10
15
14
12
5
-4
-9
-9
-4
4
11
15
18
16
13
11
8
3
-2
-1
2
7
10
13
15
14
8
-2
-5
-8
-9
-7
-7
-4
-2
-4
-9
-9
-9
-9
-9
-12
-13
-13
-12
-10
-11
-10
-11
-8
-5
-2
2
4
4
0
-6
-9
-10
-10
-8
-6
-5
-1
0
0
-1
1
3
4
6
7
3
-2
-5
-5
-2
1
2
2
2
1
1
1
-2
-4
-3
-5
-3
-4
-8
-7
-4
-3
1
0
1
1
0
0
0
1
5
13
18
18
20
20
22
23
19
13
4
-1
-2
-5
-9
-5
0
2
5
6
5
9
11
10
7
7
7
7
7
3
-2
-6
-9
-13
-16
-19
-18
-14
-10
-7
-5
-5
-6
-7
-9
-7
-2
3
7
7
5
2
-2
-8
-13
-17
-17
-8
0
5
3
3
8
9
10
11
10
7
8
9
8
7
1
-4
-4
-6
-9
-12
-10
-5
-4
-4
-2
-5
-8
-8
-7
-8
-8
-4
-1
1
4
6
6
1
-3
-5
-5
0
0
1
1
-1
2
3
3
3
5
7
8
3
0
1
0
1
4
9
13
14
13
13
8
4
1
-6
-9
-9
-11
-11
-9
-6
-4
-5
-3
3
6
5
2
-1
-4
-7
-10
-8
-4
-1
1
0
1
5
5
5
6
5
6
9
10
8
5
2
2
6
11
12
8
4
6
8
10
11
7
6
0
-1
-4
-6
-5
-1
2
1
2
0
-3
-4
-1
1
0
-5
-8
-8
-9
-10
-10
-11
-11
-12
-13
-14
-16
-16
-11
-8
-5
0
3
1
1
3
4
5
4
4
7
11
12
4
1
2
-1
-3
-6
-8
-8
-11
-12
-10
-12
-15
-17
-15
-12
-11
-7
2
7
7
7
5
4
3
8
12
9
6
5
5
2
0
1
5
10
7
1
0
4
10
14
16
20
19
16
16
12
8
6
1
0
8
15
17
15
9
7
3
-2
-6
-8
-12
-12
-10
-9
-5
0
1
-2
-8
-10
-12
-14
-10
-7
-2
0
2
2
2
0
2
1
-1
0
0
0
2
1
-2
-3
-3
-4
-4
-5
-8
-10
-15
-17
-14
-12
-8
-6
-7
-5
-5
-3
-4
-4
-3
-6
-5
-3
0
1
1
3
6
5
3
2
2
1
1
2
-1
-6
-6
-2
0
3
6
6
5
2
1
2
5
4
4
6
8
10
8
7
5
3
1
1
8
9
6
6
5
2
0
-2
-6
-7
-4
1
7
7
4
4
1
3
4
2
5
10
10
10
6
2
-3
-7
-11
-13
-8
-6
-4
-2
1
5
6
3
-2
0
-2
-5
-4
0
1
3
3
1
0
-4
-5
-5
-5
-4
-6
-7
-4
0
1
3
3
6
5
5
5
2
2
1
-1
-8
-13
-12
-13
-12
-9
-6
-4
-4
0
-2
1
7
9
8
4
2
-2
-5
-3
-2
-6
-7
-5
-5
-6
-7
-9
-11
-6
-1
3
4
4
3
7
6
2
1
1
3
5
4
6
8
9
11
14
15
13
15
12
7
6
6
3
-1
-6
-9
-9
-4
1
4
6
7
2
1
3
4
3
4
7
12
15
10
3
-5
-12
-15
-16
-14
-15
-17
-14
-14
-11
-11
-10
-6
-2
0
6
13
14
6
3
2
-2
-3
-3
2
0
-5
-8
-12
-17
-19
-22
-23
-22
-18
-18
-20
-16
-16
-14
-9
-4
-1
2
4
8
9
7
7
8
4
3
5
8
11
12
11
12
12
11
17
20
14
15
16
18
21
18
17
16
19
22
19
18
16
16
15
19
17
14
14
11
6
9
10
5
0
-2
-5
-11
-14
-14
-15
-17
-20
-19
-16
-12
-9
-7
-4
-3
-1
2
2
-3
-8
-4
-2
-4
-6
-9
-11
-12
-14
-19
-21
-20
-17
-14
-15
-14
-10
-9
-10
-13
-15
-15
-16
-20
-20
-15
-12
-16
-16
-13
-10
-6
-2
-2
0
6
9
10
12
14
8
1
1
-2
0
1
-1
-1
6
11
11
12
13
10
11
12
13
15
21
21
21
17
13
14
13
12
8
7
6
8
12
10
8
14
18
22
23
21
19
18
14
10
8
5
4
1
-1
-3
-8
-7
-11
-15
-17
-17
-13
-9
-5
-2
1
7
6
1
-4
-14
-23
-24
-19
-17
-15
-7
-2
-1
-7
-11
-10
-12
-12
-12
-9
-7
-8
-7
-12
-17
-16
-14
-8
-3
-1
-2
-4
-4
-3
1
2
-3
-1
2
4
5
8
9
9
12
11
6
0
-2
0
-4
-7
-8
-9
-7
-4
1
1
2
4
4
4
0
-1
-3
-3
1
6
9
12
9
9
11
7
2
2
4
6
7
8
12
14
11
9
8
8
8
7
6
6
6
3
-3
-6
-9
-8
-9
-5
-3
5
15
18
17
17
11
4
1
0
0
0
3
3
1
0
-4
-10
-11
-11
-11
-14
-17
-17
-16
-14
-15
-15
-11
-8
-4
-3
-3
-4
-4
-5
0
4
6
7
11
11
11
9
8
7
4
4
1
-3
-7
-14
-14
-14
-14
-15
-15
-15
-12
-7
-6
-7
-5
-4
-8
-4
-1
0
2
3
6
11
14
16
15
16
16
11
8
4
3
7
12
14
14
14
12
10
10
9
3
0
-2
-7
-12
-14
-13
-7
-3
0
0
1
3
5
9
9
9
7
4
5
6
2
1
-1
-3
-8
-14
-21
-26
-26
-19
-14
-14
-10
-6
-5
-5
-5
-1
6
10
8
9
7
6
7
4
-1
-4
0
1
5
9
8
9
9
5
4
7
6
4
0
-5
-5
-6
-5
-3
-4
0
6
3
-1
-2
-5
-6
-6
-3
-2
-8
-8
-5
-6
-8
-7
-5
-1
2
2
2
2
0
-1
-3
-5
-7
-7
-6
-5
-5
-3
0
1
-2
0
5
7
7
7
8
6
5
5
6
8
12
9
8
10
11
12
9
8
9
8
3
0
-5
-9
-11
-12
-13
-8
-6
-6
-2
-2
-1
2
4
7
7
10
10
3
-5
-5
-6
-11
-9
-4
-5
3
11
15
14
12
13
14
15
12
8
6
7
5
0
-7
-8
-5
-7
-6
-7
-10
-10
-12
-14
-12
-6
0
0
-3
-5
-6
-8
-12
-12
-10
-9
-8
-7
-9
-9
-9
-6
-2
-2
-2
-3
-2
1
3
-1
-3
-3
-1
-1
0
0
1
1
2
2
1
-3
-6
-6
-7
-3
2
5
11
15
11
7
10
12
9
7
4
2
3
9
9
5
5
5
7
9
9
10
8
6
4
1
1
0
-3
-4
-3
0
3
-1
-5
-4
1
-2
-6
-6
-3
-3
-1
5
8
7
5
5
6
7
6
5
3
2
-2
-2
-1
-7
-5
-3
0
5
7
7
4
-1
-7
-15
-21
-26
-22
-14
-12
-10
-7
-5
-5
-4
1
0
-4
1
4
3
-1
-6
-9
-6
-7
-9
-11
-14
-11
-4
3
7
9
9
9
7
3
4
6
3
-1
-2
-3
-5
-7
-6
1
4
8
12
12
13
16
18
16
14
15
15
10
7
4
1
-4
-7
-4
-1
1
4
4
4
2
-2
-2
1
5
9
15
14
7
-1
-3
-2
-1
-4
-8
-12
-13
-8
-6
-7
-8
-9
-9
-12
-13
-10
-9
-9
-6
-6
-5
-4
-4
-4
1
3
1
-1
0
1
-1
0
2
4
6
8
10
15
16
15
11
6
2
-1
-5
-9
-10
-9
-8
-5
-2
-1
-1
2
2
3
3
1
0
2
-7
-10
-8
-9
-7
-8
-10
-4
3
3
0
-2
-5
-3
6
8
7
6
5
6
1
-4
-2
0
3
8
11
11
7
8
8
6
8
10
7
8
8
2
-1
-1
-2
-3
-5
-3
-1
1
-2
-7
-8
-9
-8
-7
-5
-6
-3
-2
-4
-7
-10
-7
0
-3
-6
-4
-4
-2
-2
-1
1
5
5
4
4
6
8
11
14
12
9
6
5
3
2
4
0
2
7
3
-3
-5
-8
-12
-11
-5
-2
-2
-3
-1
0
-1
-6
-10
-8
-7
-7
-6
-6
-5
-5
-8
-8
-3
1
-2
-6
-7
-8
-4
2
1
-4
-5
-2
-3
-4
-3
0
5
7
10
12
13
14
16
18
21
21
15
15
15
16
16
15
12
7
7
11
8
5
5
5
3
4
8
8
0
-5
-10
-13
-19
-19
-13
-8
-8
-11
-12
-14
-17
-16
-11
-7
-8
-11
-13
-12
-12
-14
-14
-16
-14
-8
-1
1
-1
-2
0
0
1
0
-2
-4
-4
-5
-4
-4
-3
3
8
9
2
-4
-4
2
5
2
-1
-2
-2
0
3
2
7
11
10
7
4
5
7
5
2
3
10
14
13
9
8
7
6
6
6
6
4
0
3
6
8
7
5
7
8
5
6
5
6
5
3
-1
-3
-1
-1
-4
-6
-4
-2
-1
0
2
3
2
-3
-7
-3
4
7
5
3
-2
-9
-16
-22
-26
-27
-24
-22
-24
-20
-12
-11
-11
-8
-3
2
6
4
6
12
13
14
14
15
16
10
5
4
5
7
7
5
1
-5
-6
-3
0
-1
-1
2
2
6
10
10
8
5
6
5
1
-3
-4
-6
-10
-16
-18
-17
-16
-17
-13
-7
-6
-5
-8
-11
-8
-3
0
6
6
3
4
5
7
7
6
1
1
5
7
12
15
11
8
8
9
10
10
10
13
14
12
9
4
0
0
2
3
3
2
-3
-3
-2
-4
-3
0
-2
-6
-5
-3
-2
-3
-5
-8
-10
-8
-7
-6
-5
-4
-8
-8
-5
-3
-3
-4
-6
0
2
1
-1
-5
-6
-4
-3
-2
-1
0
2
-2
-4
0
3
-7
-10
-7
-7
-3
1
0
0
1
3
2
-3
-4
-2
0
4
8
6
6
7
7
8
4
4
2
1
2
-1
-2
3
6
6
6
7
6
8
13
13
10
10
15
15
11
13
13
10
8
6
3
1
0
-4
-6
-4
-1
-1
-1
2
3
2
-1
-2
2
5
5
-4
-13
-16
-15
-17
-18
-19
-16
-15
-15
-14
-12
-13
-12
-7
-9
-13
-9
-8
-9
-9
-8
-12
-16
-18
-17
-17
-11
-4
-3
-2
6
5
0
1
2
2
2
7
4
-2
-3
0
-3
-6
1
1
-6
-7
0
5
10
15
17
15
17
24
29
27
24
23
18
14
13
6
-5
-5
1
3
3
7
11
7
5
13
10
5
9
16
19
21
26
19
9
5
5
1
-4
1
5
3
1
2
-1
-5
2
9
6
5
2
-5
-9
-6
-2
-5
-11
-17
-18
-19
-18
-19
-18
-17
-13
-14
-15
-14
-15
-11
-8
-8
-7
-10
-16
-20
-21
-20
-20
-19
-22
-18
-10
-6
-2
-1
-3
-4
-6
-4
0
-1
-3
-6
-8
-11
-8
-3
-2
-2
2
5
6
4
6
10
8
4
7
8
7
-1
1
10
15
17
14
9
11
21
24
18
14
12
5
1
3
6
3
-2
-2
-2
2
8
12
12
17
23
24
18
12
12
14
9
1
-7
-9
-9
-7
0
7
8
9
13
15
19
19
13
2
-3
-5
-12
-17
-16
-11
-9
-13
-17
-19
-17
-5
0
-2
-3
2
5
2
0
2
-2
-9
-12
-13
-20
-20
-16
-9
-8
-11
-9
-10
-15
-16
-12
-9
-7
-2
-4
-5
-3
-5
-9
-12
-11
-4
3
3
-2
-5
9
18
9
5
7
6
4
8
10
6
12
11
7
13
14
9
2
3
9
11
13
7
0
-3
0
1
-3
-4
0
3
2
0
6
10
8
8
5
7
10
4
-1
-7
-15
-20
-18
-15
-12
-12
-5
1
-3
-5
0
5
-2
-6
-1
-2
-7
-6
-4
-4
1
5
0
-8
-1
6
2
2
6
4
-3
-8
-6
-4
-4
3
10
17
20
15
5
-4
-1
4
3
5
10
10
9
8
0
-5
-2
3
0
-4
-1
-1
-9
-12
-4
-1
-1
3
3
2
3
-1
4
11
6
-7
-3
4
-5
-4
-1
-2
2
11
9
0
0
1
0
0
-2
-5
-5
-6
-8
-5
-2
-2
-4
-4
2
7
7
-1
-8
-4
-4
-13
-12
-5
3
-1
-5
-6
-6
3
2
-5
-4
5
7
-4
-6
-3
-3
-9
-10
-6
0
4
4
0
-1
4
4
-5
-11
-4
6
7
2
1
-4
-9
-11
-8
-7
-7
-2
2
3
11
13
5
0
9
15
9
0
-3
-3
0
5
0
-6
-6
-3
-1
3
9
12
10
6
4
4
2
-1
-4
-1
3
4
-1
-2
4
9
12
11
11
7
0
-1
2
0
-2
-4
-4
-8
-1
6
-2
-9
-6
-1
2
-6
-11
5
12
2
-1
2
9
9
13
7
-2
0
-2
-6
-3
8
5
-2
0
-2
-1
1
-7
-16
-18
-14
-11
-10
-2
0
4
10
1
-4
2
5
2
1
4
1
0
5
-3
-15
-10
2
6
6
5
-1
-4
-2
2
3
4
1
-1
1
-10
-1
24
11
-8
1
9
0
-12
-15
-10
-7
-2
-2
3
0
-3
8
21
12
-3
-7
-10
-17
-11
-3
-9
-15
-6
-4
-22
-28
-17
-5
-5
2
11
9
5
8
9
8
9
9
3
-7
-3
7
4
-4
-5
3
5
-5
-13
-7
2
6
10
9
10
4
1
1
1
3
6
6
-3
-9
-11
-6
-2
0
5
11
18
19
15
10
12
18
17
13
10
7
3
4
10
13
5
5
9
7
9
19
20
13
14
18
20
22
22
19
16
21
21
11
6
3
1
0
1
4
4
1
-1
0
-3
-2
4
2
-8
-9
-7
-15
-24
-28
-26
-22
-25
-31
-37
-35
-24
-19
-23
-34
-39
-21
-15
-19
-33
-38
-35
-36
-31
-33
-35
-35
-37
-35
-29
-23
-28
-39
-36
-26
-13
-11
-24
-27
-18
-10
-8
-9
-6
5
17
17
-9
-42
-48
-14
25
27
-17
-49
-52
-44
-35
-29
-28
-36
-42
-41
-43
-51
-47
-24
5
21
13
0
-8
7
45
79
90
79
83
102
116
125
139
158
173
180
172
155
146
148
158
167
163
152
128
106
93
85
80
66
54
47
27
10
1
-1
-3
-6
-14
-30
-45
-52
-53
-55
-57
-56
-64
-62
-56
-56
-61
-64
-53
-38
-44
-68
-77
-63
-49
-47
-50
-58
-70
-70
-60
-65
-73
-80
-77
-67
-68
-81
-91
-87
-69
-60
-73
-87
-84
-75
-84
-96
-87
-77
-77
-86
-101
-105
-85
-64
-86
-112
-108
-76
-70
-100
-127
-136
-143
-159
-129
-59
-52
-134
-192
-129
-36
-42
-97
-82
3
45
25
13
44
94
148
193
198
172
185
241
263
241
256
320
345
316
311
340
348
326
321
316
280
227
221
251
222
136
72
85
116
93
13
-57
-61
-28
-36
-85
-119
-112
-94
-100
-132
-147
-122
-98
-87
-91
-83
-68
-71
-75
-68
-45
-25
-29
-27
-7
16
19
8
13
24
30
16
-16
-22
0
10
-19
-50
-48
-40
-43
-53
-69
-77
-86
-94
-100
-107
-110
-129
-140
-140
-125
-126
-140
-132
-116
-108
-92
-89
-112
-133
-131
-102
-71
-84
-126
-110
-51
-63
-139
-175
-120
-38
-43
-102
-130
-102
-77
-87
-101
-104
-86
-73
-81
-105
-161
-199
-156
-47
-12
-116
-211
-156
-39
-39
-122
-123
-27
33
-1
-42
-18
40
99
159
201
202
198
234
278
292
324
387
425
409
406
432
436
410
419
447
416
380
420
455
370
270
300
364
317
217
179
187
172
122
66
42
56
67
21
-43
-55
-42
-49
-89
-112
-100
-90
-109
-148
-146
-113
-103
-115
-121
-120
-119
-118
-112
-118
-118
-95
-109
-142
-124
-92
-111
-139
-145
-150
-143
-144
-163
-161
-165
-175
-182
-198
-225
-236
-219
-213
-221
-235
-264
-242
-190
-198
-250
-263
-219
-174
-158
-200
-216
-164
-145
-161
-124
-71
-101
-114
-65
-54
-80
-97
-77
-36
-20
-31
-43
-48
-55
-59
-34
-25
-42
-64
-85
-115
-138
-96
1
-1
-140
-210
-71
44
-73
-198
-99
93
94
-66
-98
27
129
138
126
170
219
254
287
307
313
359
464
521
476
453
497
541
512
465
492
545
546
471
391
366
382
424
423
342
262
266
296
246
160
135
169
164
98
20
-18
-4
6
-14
-37
-63
-83
-93
-88
-96
-127
-126
-95
-100
-153
-195
-180
-147
-142
-159
-177
-182
-186
-195
-216
-221
-199
-211
-238
-233
-249
-268
-269
-267
-258
-269
-297
-318
-263
-215
-286
-322
-251
-190
-248
-308
-265
-209
-195
-221
-237
-235
-213
-207
-235
-228
-191
-156
-128
-133
-145
-101
-83
-93
-103
-63
-31
-39
-37
-36
-10
20
22
-4
-20
8
-11
-106
-158
-70
106
50
-197
-252
-17
137
-62
-268
-137
110
94
-120
-169
-1
138
150
116
115
160
252
323
300
254
346
513
535
424
402
533
590
542
517
515
545
577
612
507
388
487
597
542
380
345
420
416
343
241
203
245
251
148
17
15
67
20
-89
-158
-133
-95
-146
-235
-261
-205
-177
-233
-265
-247
-237
-248
-262
-237
-238
-234
-208
-229
-239
-217
-185
-171
-210
-209
-159
-167
-248
-251
-122
-143
-264
-249
-142
-102
-205
-307
-253
-124
-180
-333
-229
-139
-255
-253
-189
-228
-254
-168
-161
-250
-236
-163
-132
-147
-193
-186
-118
-126
-178
-134
-77
-77
-62
-27
-37
-63
-51
-32
24
39
-61
-106
-4
46
-53
-98
-64
-56
-48
9
18
-115
-188
-72
68
-10
-205
-182
50
131
-73
-203
-20
160
121
43
71
136
176
232
258
250
272
372
463
444
390
447
567
572
530
586
626
568
531
634
619
452
411
538
602
440
324
355
408
400
258
158
195
246
205
70
13
41
68
23
-99
-163
-124
-83
-156
-240
-220
-180
-206
-273
-316
-312
-256
-266
-328
-289
-220
-260
-302
-227
-250
-319
-221
-199
-340
-316
-146
-156
-313
-328
-145
-97
-262
-330
-198
-139
-245
-274
-273
-270
-185
-187
-298
-272
-197
-232
-251
-207
-195
-257
-221
-156
-169
-151
-161
-208
-163
-59
-73
-146
-148
-67
11
-13
-85
-77
20
53
19
-12
-21
31
91
47
-29
7
88
42
-52
-37
50
59
-97
-192
-66
54
-63
-217
-99
86
23
-135
-120
28
112
105
86
103
163
227
258
257
256
330
453
477
385
381
511
551
502
499
551
552
537
571
509
433
462
553
535
391
353
397
418
371
270
251
286
283
185
62
63
115
123
38
-37
-36
-46
-59
-99
-157
-172
-145
-106
-203
-294
-207
-193
-274
-282
-269
-283
-284
-288
-310
-268
-285
-340
-237
-270
-391
-328
-237
-321
-394
-330
-278
-278
-326
-341
-270
-200
-264
-354
-275
-199
-229
-279
-309
-203
-112
-175
-305
-231
-78
-160
-250
-163
-57
-157
-200
-97
-67
-110
-127
-56
-28
-46
-51
-43
-14
4
34
39
20
16
38
61
1
9
19
-21
-45
1
60
-78
-188
-104
12
-48
-219
-157
13
12
-149
-187
-6
66
-10
-4
105
137
120
195
286
299
297
375
453
436
409
455
522
490
499
604
599
452
402
608
700
513
382
504
647
534
354
332
416
483
429
288
217
275
335
251
67
53
173
189
26
-125
-58
46
-10
-158
-192
-112
-95
-164
-231
-247
-227
-213
-285
-355
-328
-316
-344
-390
-374
-390
-389
-318
-337
-376
-427
-396
-282
-286
-431
-423
-297
-311
-328
-330
-356
-263
-188
-297
-342
-224
-229
-287
-181
-160
-291
-269
-104
-115
-231
-248
-146
-27
-104
-257
-159
6
-31
-116
-131
-61
30
37
-48
-58
14
25
7
-13
-49
-56
-12
-35
-103
-128
-79
-10
-53
-160
-187
-99
-13
-43
-121
-100
-14
24
-44
-68
22
95
122
119
115
162
231
287
318
332
375
428
480
474
437
510
599
622
564
543
592
580
558
557
582
568
497
517
547
499
442
429
459
422
344
302
275
278
264
209
165
127
94
96
73
-31
-82
-12
3
-107
-190
-185
-156
-153
-219
-308
-284
-195
-243
-348
-295
-288
-332
-325
-369
-393
-353
-375
-473
-428
-273
-317
-467
-393
-325
-359
-394
-319
-311
-376
-306
-242
-314
-420
-285
-186
-303
-427
-345
-208
-291
-300
-189
-299
-380
-167
-84
-297
-316
-109
-65
-143
-179
-109
-26
-73
-135
-86
22
16
-71
-82
-13
1
-46
-68
-79
-44
-44
43
36
-170
-243
-50
188
-1
-324
-217
114
145
-163
-250
51
259
163
20
81
246
340
378
384
350
400
552
637
524
382
522
771
758
524
441
680
815
612
459
576
755
683
496
436
490
586
540
325
233
340
385
220
61
104
194
172
69
-20
-28
28
47
-18
-126
-135
-44
-80
-217
-253
-165
-152
-244
-237
-225
-278
-286
-281
-264
-249
-314
-370
-303
-273
-280
-309
-328
-252
-270
-340
-406
-363
-212
-360
-504
-299
-221
-437
-479
-256
-280
-409
-359
-311
-351
-370
-305
-306
-370
-370
-173
-100
-344
-305
-22
-97
-293
-167
24
-118
-239
-69
14
-82
-129
-70
-11
28
23
-35
-145
-155
-24
-74
-212
-235
-38
-7
-277
-428
-215
83
-83
-371
-254
76
80
-204
-265
7
225
167
45
84
197
287
360
373
327
406
624
696
553
516
656
813
792
735
782
819
838
742
757
812
769
710
656
704
645
494
469
503
522
442
303
228
219
253
208
44
-13
65
86
-23
-171
-168
-30
-38
-234
-278
-154
-180
-268
-218
-208
-307
-325
-266
-292
-388
-409
-306
-304
-339
-350
-341
-335
-462
-432
-289
-264
-521
-603
-234
-224
-520
-509
-265
-298
-555
-529
-343
-375
-483
-455
-391
-309
-351
-422
-352
-369
-370
-229
-224
-327
-332
-190
-147
-218
-288
-270
-46
8
-189
-269
-106
22
-73
-177
-115
-62
-62
-94
-160
-200
-180
-40
78
-123
-410
-333
3
63
-270
-357
-83
74
-38
-202
-183
16
188
211
139
105
185
355
490
473
442
590
761
777
694
740
894
932
926
976
969
898
895
1037
1053
836
756
900
972
791
585
595
698
656
472
304
289
360
316
153
19
10
77
4
-179
-260
-232
-196
-236
-339
-437
-411
-351
-345
-414
-478
-395
-302
-343
-471
-459
-277
-278
-447
-353
-233
-403
-411
-207
-257
-430
-341
-294
-378
-276
-266
-455
-521
-349
-208
-296
-492
-473
-292
-244
-342
-490
-531
-359
-138
-295
-625
-503
-168
-154
-405
-451
-272
-232
-208
-182
-306
-409
-93
89
-136
-246
-141
-23
-47
-118
-102
-32
-98
-168
-203
-240
-242
-75
17
-263
-514
-329
3
-91
-427
-378
12
107
-184
-335
-164
81
180
177
150
157
293
464
506
438
485
766
956
822
666
789
1033
1091
1010
985
1052
1108
1107
984
881
945
1071
1088
831
592
637
741
649
435
404
456
381
265
87
-18
26
32
-104
-296
-334
-339
-385
-414
-422
-377
-423
-466
-416
-437
-488
-404
-328
-349
-365
-346
-314
-333
-269
-205
-180
-159
-220
-214
-169
-133
-164
-216
-183
-150
-186
-243
-326
-325
-126
-237
-370
-340
-366
-338
-352
-388
-494
-525
-504
-386
-450
-553
-280
-86
-331
-570
-405
-215
-228
-322
-329
-147
-140
-227
-101
-136
-183
-119
-40
-126
-236
-76
-52
-263
-512
-559
-273
13
-89
-574
-810
-456
-14
-172
-712
-716
-156
130
-266
-692
-503
-7
252
173
11
2
170
455
594
499
499
800
1069
931
690
809
1129
1266
1204
1230
1354
1276
1041
979
1273
1529
1283
832
769
1054
1109
826
527
495
691
715
312
-112
-61
241
278
-62
-415
-367
-185
-294
-515
-582
-492
-399
-470
-671
-746
-573
-431
-488
-515
-433
-334
-363
-420
-297
-42
18
-135
-144
6
146
42
-82
23
106
140
92
-43
-127
-228
-41
249
-44
-534
-379
92
-204
-599
-349
-263
-404
-503
-552
-518
-538
-591
-583
-540
-650
-651
-454
-567
-702
-499
-475
-682
-494
-270
-579
-726
-379
-236
-399
-475
-415
-287
-422
-866
-889
-223
231
-309
-1083
-1028
-282
157
-386
-983
-593
155
165
-465
-746
-376
186
510
375
19
-6
439
864
801
576
806
1314
1407
1055
975
1395
1674
1570
1561
1740
1782
1535
1335
1439
1629
1652
1486
1335
1200
1055
994
937
762
608
611
547
198
-179
-191
-10
-85
-399
-611
-634
-660
-788
-870
-855
-779
-759
-872
-970
-943
-802
-670
-592
-532
-529
-473
-323
-229
-223
-76
171
186
139
186
220
298
348
284
256
346
242
44
170
209
2
19
100
-125
-320
-235
-344
-467
-346
-449
-688
-665
-571
-631
-752
-808
-743
-746
-728
-709
-644
-763
-944
-692
-396
-458
-790
-889
-670
-397
-239
-482
-880
-751
-535
-869
-1212
-705
3
-393
-1378
-1500
-573
-132
-807
-1245
-696
-45
-178
-642
-765
-584
-94
477
585
199
-16
417
1013
1019
723
1014
1680
1748
1350
1356
1779
1983
1887
1976
2245
2270
1983
1748
1771
1876
1966
2018
1869
1454
1172
1322
1301
741
408
832
1199
516
-623
-850
-257
-9
-520
-1089
-1156
-977
-995
-1382
-1704
-1513
-1070
-930
-1245
-1544
-1412
-1055
-849
-835
-650
-337
-307
-436
-339
92
476
548
521
477
512
787
975
792
695
980
1181
908
509
378
640
753
426
232
154
31
-170
-310
-284
-274
-498
-794
-887
-794
-679
-869
-1267
-1345
-1073
-806
-917
-1360
-1490
-1146
-757
-758
-1100
-1518
-1449
-801
-361
-713
-1369
-1330
-1078
-1401
-1804
-1093
-75
-655
-2040
-2194
-907
-267
-1105
-1623
-972
-163
-176
-664
-825
-724
-181
721
1160
670
75
556
1474
1574
1190
1553
2395
2440
1879
1860
2414
2619
2400
2469
2855
2913
2489
2136
2002
1959
2107
2388
2311
1583
957
1080
1274
849
382
522
854
499
-545
-1054
-786
-435
-861
-1648
-1654
-1201
-1186
-2086
-2745
-2223
-1259
-929
-1630
-2239
-1894
-1152
-741
-958
-1042
-556
-62
-35
-355
-229
433
932
957
828
1016
1265
1209
1075
1223
1639
1842
1552
1011
763
1048
1294
962
427
264
421
364
-202
-598
-439
-241
-440
-853
-1106
-1159
-1093
-1118
-1139
-1194
-1273
-1273
-1254
-1253
-1310
-1133
-977
-1040
-941
-1054
-1300
-1338
-877
-504
-885
-1479
-2101
-2163
-1532
-673
-608
-1779
-2672
-2134
-1040
-1061
-1925
-1915
-1011
-516
-838
-1134
-969
-674
-217
416
882
799
647
966
1346
1496
1813
2527
2884
2526
2271
2678
3131
2931
2604
2863
3372
3381
2857
2346
2120
2099
2227
2369
2139
1567
1133
921
648
275
217
455
386
-243
-846
-1017
-1026
-1179
-1547
-1910
-2039
-1726
-1488
-2018
-2792
-2663
-1546
-880
-1278
-1805
-1661
-998
-524
-392
-343
-103
341
538
459
469
833
1334
1469
1346
1416
1714
1791
1464
1317
1646
1951
1743
1241
900
810
841
702
306
5
-38
-132
-476
-824
-899
-777
-814
-1010
-1127
-1054
-1103
-1333
-1276
-1218
-987
-975
-1009
-1076
-1149
-823
-821
-850
-1124
-1202
-1050
-1098
-946
-909
-1322
-2331
-3059
-2372
-1156
-832
-2030
-3304
-3088
-2200
-1840
-2277
-2424
-1880
-1418
-1389
-1553
-1505
-1089
-439
210
602
794
1110
1523
1625
1646
2208
3228
3782
3443
3086
3333
3763
3747
3505
3558
3799
3861
3536
2978
2403
2071
2133
2202
1867
1331
944
595
40
-556
-680
-390
-296
-673
-1252
-1588
-1722
-1746
-1862
-2087
-2366
-2289
-1792
-1583
-1748
-1944
-1600
-1117
-784
-474
-145
189
309
439
621
893
1261
1430
1486
1428
1488
1674
1653
1533
1458
1581
1686
1472
1155
919
785
673
505
361
163
-76
-363
-636
-838
-907
-829
-818
-975
-1092
-1025
-950
-941
-1006
-975
-720
-413
-221
-534
-902
-783
-321
-5
-194
-466
-527
-575
-922
-1393
-1429
-1089
-1000
-1637
-3140
-4246
-3807
-2280
-1675
-3190
-4789
-4475
-3140
-2928
-3741
-3645
-2529
-1815
-1939
-1931
-1292
-644
-68
545
1116
1714
2503
3303
3305
2827
3257
4629
5425
4916
4385
4816
5241
4709
3889
3785
4127
4087
3485
2683
1940
1372
1072
801
248
-270
-350
-475
-1270
-2279
-2481
-1909
-1678
-2058
-2299
-2007
-1757
-1854
-2130
-2279
-1941
-1055
-176
-335
-914
-743
236
900
818
954
1460
1889
1826
1546
1492
1624
1860
1723
1362
1221
1252
1149
596
102
126
459
486
-1
-387
-420
-380
-561
-769
-690
-444
-285
-465
-772
-779
-453
-97
-25
22
217
435
380
229
250
463
676
525
333
135
115
104
-139
-353
-484
-723
-1124
-1613
-1973
-2229
-2547
-2750
-2856
-3734
-5429
-6220
-4986
-3016
-3223
-5249
-5969
-4688
-3578
-3759
-3718
-2448
-1200
-940
-779
-108
564
1345
2354
3148
3418
3832
5025
5694
4907
4138
4857
5971
5792
4860
4613
4837
4193
2863
2123
2052
1973
1554
845
-114
-1089
-1590
-1573
-1779
-2319
-2393
-1908
-1813
-2471
-2886
-2248
-1322
-998
-951
-478
177
643
692
452
600
1221
2101
2151
1683
1818
2414
2498
1678
1173
1335
1687
1596
1004
490
89
-107
-525
-1158
-1328
-1064
-785
-1095
-1645
-1689
-1275
-944
-957
-797
-270
259
407
248
359
803
1271
1462
1337
1413
1679
1767
1490
1074
1038
1189
1163
870
520
306
34
-473
-1073
-1396
-1336
-1300
-1652
-2157
-2439
-2584
-2931
-3542
-3961
-3917
-3565
-3196
-3786
-5655
-7084
-6088
-3312
-2146
-3597
-4637
-3446
-2077
-2360
-2570
-1037
913
1414
1211
1681
2322
2783
3445
3976
3841
3762
4888
5985
5151
3432
3134
3921
3633
2392
2096
2784
2608
1015
-442
-845
-766
-712
-773
-1059
-1554
-1751
-1461
-1431
-1876
-1825
-775
209
131
-92
653
1744
1960
1549
1706
2489
3082
3154
3012
2679
1913
1421
1387
1034
423
117
313
15
-1128
-1892
-1933
-1955
-2166
-2121
-1990
-1883
-1701
-1683
-1765
-1715
-1153
-299
148
334
725
1274
1587
1595
1739
2204
2659
2745
2639
2546
2390
2170
1733
1223
933
754
586
197
-411
-956
-1363
-1669
-1824
-1804
-1735
-1766
-1859
-2108
-2185
-2107
-1925
-1572
-1397
-1215
-1204
-1381
-1606
-1970
-2096
-1698
-1037
-1363
-3433
-5532
-5399
-2972
-1512
-2646
-3945
-3453
-2507
-2988
-3573
-2475
-706
-38
-89
374
1097
1580
2230
2796
2565
2263
3404
5123
5176
3846
3384
3922
3573
2252
1923
2930
3276
2147
809
196
-130
-423
-494
-668
-1120
-1255
-728
-417
-939
-1232
-545
181
-25
-283
670
2057
2515
2104
1880
2155
2393
2480
2577
2548
2109
1578
1035
577
9
-769
-1385
-1987
-2172
-1954
-1737
-1793
-2128
-2407
-2387
-2032
-1639
-1060
-470
-94
259
451
656
934
1214
1528
1853
2184
2406
2528
2442
2201
1904
1602
1496
1398
1158
813
385
-82
-551
-855
-1028
-1250
-1500
-1632
-1568
-1620
-1675
-1590
-1419
-1247
-1177
-1091
-934
-623
-274
32
-252
-820
-1135
-1287
-1531
-1826
-1674
-1208
-2334
-5449
-7581
-6378
-3389
-2652
-4288
-4839
-3396
-2765
-3605
-3555
-1815
-239
253
840
1972
2816
3522
4468
4485
3284
2987
4754
6263
5505
4064
4066
4158
2596
751
591
1296
1019
-165
-945
-1172
-1425
-1552
-1603
-2126
-2673
-2107
-694
55
-11
473
1657
2009
1244
1169
2551
3951
4210
3843
3688
3583
3227
2756
2198
1431
882
280
-880
-1963
-2247
-2049
-2788
-4334
-4978
-4142
-3228
-2809
-2421
-1912
-1266
-694
-319
92
803
1787
2473
2490
2381
2733
3152
2971
2445
2178
2275
2276
1964
1577
1278
1005
567
-126
-825
-1095
-1038
-1297
-1771
-2004
-1790
-1561
-1644
-1698
-1430
-895
-579
-432
-316
-147
411
882
970
732
449
305
-28
-647
-1247
-1628
-1876
-2116
-2138
-3300
-6451
-9037
-8623
-5793
-4390
-5491
-5663
-3695
-2607
-3472
-3540
-1542
355
851
1472
3226
4815
5585
6330
6263
4790
3744
4658
5825
5023
3549
3496
3596
1803
-613
-1206
-792
-1392
-2756
-3240
-2582
-2036
-1744
-1434
-1547
-1885
-1519
-233
885
1518
2643
4187
4756
3922
3456
4319
5024
4592
3766
3547
3550
2955
2079
1146
-15
-1267
-2184
-2898
-4083
-4901
-4473
-3869
-4289
-5195
-5127
-3826
-2475
-1616
-518
698
1561
2260
2716
2859
3228
3734
3678
3115
2723
2803
2876
2306
1361
818
606
261
-220
-531
-551
-557
-849
-1341
-1684
-1672
-1545
-1635
-1654
-1329
-768
-309
-138
36
362
663
727
755
859
1028
1219
1223
1094
841
222
-658
-1496
-2160
-2751
-3134
-3389
-3232
-3362
-6074
-9647
-10429
-7944
-5343
-5393
-5821
-3705
-1250
-1329
-1796
-262
1609
2023
2145
3453
5352
6504
7276
7617
6050
3754
3360
4084
3239
1305
863
1528
649
-1653
-2506
-1758
-2054
-3605
-4386
-3538
-2221
-1226
-36
916
1062
1220
2093
2930
3119
3758
5189
5963
5212
4322
4781
5197
4053
2318
1296
780
-63
-939
-1358
-1815
-2652
-3479
-4002
-4482
-5058
-4852
-3883
-3303
-2995
-2325
-1343
-346
537
1332
2143
2608
2774
3183
3422
3178
3063
2920
2206
1353
882
592
279
-99
-404
-465
-520
-719
-812
-768
-755
-772
-757
-748
-674
-386
-105
-35
111
386
631
807
917
1033
1071
1008
805
625
573
509
286
-67
-547
-954
-1529
-2277
-2767
-3075
-3444
-3740
-3685
-3216
-4140
-7291
-9344
-8221
-5403
-4082
-4462
-3500
-779
586
-8
317
1877
2529
2195
2346
3548
4919
5734
6248
5682
3702
2161
2188
1875
77
-1106
-559
-175
-1279
-2244
-1505
-774
-1644
-2843
-2664
-1458
-435
635
1956
2832
3148
3547
4076
3969
3613
3952
4356
3843
2818
2712
3351
2964
1502
240
-400
-1171
-2197
-2675
-2626
-2633
-2819
-2795
-2539
-2340
-2171
-1892
-1668
-1368
-825
-464
-126
579
1634
2465
2431
2053
2109
2123
1541
1014
906
827
564
169
-106
-87
-112
-365
-618
-752
-682
-330
-100
-94
144
464
494
290
178
400
557
443
351
436
634
806
890
864
692
311
-108
-484
-695
-692
-623
-599
-811
-1116
-1428
-1815
-2301
-2706
-3081
-3334
-3189
-2563
-2734
-5164
-7590
-7360
-5035
-3629
-4152
-3780
-1253
594
237
244
1797
2619
1939
1585
2510
3735
4284
4739
4864
3749
2429
2278
2162
547
-1081
-1039
-610
-1317
-2003
-1026
93
-538
-1702
-1577
-563
-70
206
1154
2200
2712
3117
3796
4072
3748
3617
3549
2822
1761
1500
1967
1769
799
180
38
-522
-1577
-2232
-2304
-2429
-2715
-2546
-1864
-1248
-793
-417
-291
-263
-223
-166
-394
-624
-76
904
1433
1467
1646
1884
1588
876
379
280
78
-282
-316
-33
213
280
214
23
-172
-230
-204
-140
-23
302
682
808
783
835
888
647
202
-2
9
43
151
381
644
602
189
-198
-477
-609
-707
-944
-1100
-1160
-1071
-878
-965
-1127
-1220
-1620
-2256
-2683
-2630
-2231
-2272
-4309
-6791
-6973
-5133
-3433
-3471
-3715
-2209
-186
279
99
1021
2006
1840
1525
2042
3160
3801
3998
4143
3640
2717
2258
2170
1176
-519
-1212
-983
-1044
-1503
-1259
-467
-522
-1078
-908
-97
259
253
966
1983
2506
2775
3368
3975
3828
3386
3156
2882
2216
1494
1257
1039
590
300
126
-339
-1183
-1725
-1872
-2101
-2427
-2346
-1715
-1162
-804
-327
197
497
489
410
119
-398
-608
-421
-20
381
797
1186
1214
803
441
337
3
-508
-647
-426
-166
36
284
506
475
258
109
110
70
55
260
535
708
861
1057
1029
716
380
145
-85
-265
-144
239
428
341
247
17
-266
-641
-967
-1050
-1151
-1300
-1300
-934
-702
-645
-759
-1228
-1787
-2025
-2130
-2275
-2602
-4524
-6727
-6740
-4879
-3388
-3546
-3653
-2089
-106
368
196
1031
1813
1558
1475
2215
3206
3630
3881
4066
3452
2546
2256
2205
927
-804
-1212
-848
-927
-1394
-1157
-505
-598
-889
-529
119
267
420
1233
1968
2332
2784
3539
3881
3436
3110
3083
2829
2053
1243
925
686
359
88
-164
-610
-1189
-1474
-1660
-1996
-2192
-1955
-1441
-1063
-591
147
716
805
601
564
554
103
-406
-667
-790
-636
-223
190
331
244
183
277
145
-296
-381
-150
-82
32
400
721
766
624
464
407
297
106
158
275
270
442
748
860
700
487
279
-54
-358
-382
-206
-95
-8
129
248
138
-219
-595
-879
-1080
-1154
-905
-782
-912
-804
-715
-744
-856
-1129
-1267
-1585
-1788
-2262
-4476
-6577
-6496
-4702
-3527
-4045
-3781
-1654
266
273
188
1244
1628
1258
1337
2096
2926
3306
3780
3926
3314
2721
2693
2291
528
-889
-950
-821
-1208
-1390
-680
-246
-521
-561
-143
140
41
368
1025
1474
1926
2607
3358
3485
3268
3246
3075
2512
1684
1099
739
451
357
256
-19
-466
-816
-1058
-1455
-1833
-2011
-1864
-1559
-1203
-606
165
771
850
711
645
579
501
132
-588
-1204
-1211
-680
-186
-151
-283
-45
247
81
-174
-90
8
-76
-23
294
686
882
762
505
329
204
143
131
-11
-40
246
529
589
570
583
387
-5
-275
-279
-240
-294
-252
-40
187
170
66
-27
-156
-462
-946
-1306
-1348
-1253
-1194
-1120
-1066
-802
-697
-807
-854
-799
-849
-960
-1475
-3574
-5447
-5311
-4052
-3154
-3535
-3365
-1524
56
201
290
1114
1185
715
890
1509
2317
2810
3129
3177
2871
2865
2937
2366
945
-18
-151
-447
-744
-583
-84
-24
-291
-146
101
157
71
144
398
741
1295
1790
2207
2532
2695
2641
2334
2061
1671
1102
651
511
559
507
374
145
-172
-463
-739
-1069
-1448
-1560
-1322
-1075
-751
-237
267
382
130
-25
-44
-122
-756
-1420
-1638
-1497
-780
-190
14
263
598
657
589
467
265
282
140
-10
361
784
755
563
358
65
-71
-164
-312
-232
3
256
565
750
730
640
401
-2
-227
-241
-242
-286
-218
6
147
233
161
-143
-455
-697
-901
-989
-1130
-1311
-1170
-944
-793
-612
-556
-751
-888
-816
-649
-387
-279
-806
-2489
-4250
-4522
-3590
-3109
-3596
-3356
-1864
-639
-309
106
880
916
469
553
1145
1797
2141
2336
2357
2371
2703
2836
2245
1227
688
475
22
-218
22
375
320
100
188
467
567
346
150
235
597
936
1111
1365
1693
1941
1948
1844
1730
1470
1089
661
439
513
637
571
310
115
21
-208
-618
-936
-1025
-1040
-1082
-938
-534
-241
-459
-982
-1231
-1338
-1454
-1296
-873
-307
307
775
1106
1332
1263
1019
750
332
75
150
131
37
145
241
147
68
-27
-95
-61
-86
18
282
467
541
608
568
342
170
-4
-213
-328
-418
-400
-238
-122
-69
-56
-111
-147
-208
-370
-677
-908
-1071
-1169
-1277
-1694
-1943
-1934
-1670
-1242
-914
-526
-138
110
151
234
358
137
-423
-1239
-1832
-2141
-2406
-2420
-2238
-1909
-1675
-1375
-877
-414
-267
-329
-128
61
321
799
1197
1499
1706
1875
1909
1829
1684
1506
1240
884
810
854
825
809
805
773
686
613
492
367
321
376
445
461
584
754
812
776
761
782
727
613
551
578
609
671
614
412
318
239
132
-67
-262
-317
-309
-347
-401
-304
-311
-371
-238
-34
152
183
222
388
496
480
502
581
485
377
313
240
194
134
95
74
53
13
69
146
155
149
87
19
-25
-55
-85
-84
-125
-251
-313
-363
-457
-548
-605
-602
-602
-585
-594
-533
-512
-636
-776
-943
-958
-955
-1070
-1277
-1378
-1202
-971
-821
-848
-809
-567
-290
-45
75
128
130
63
62
151
211
211
51
-383
-716
-846
-891
-996
-1294
-1420
-1234
-1035
-1039
-994
-892
-874
-849
-796
-532
-159
53
136
329
668
927
999
960
1017
1125
1089
1031
1109
1219
1258
1254
1153
1001
868
770
712
679
736
778
692
598
649
761
731
638
638
688
719
754
790
811
804
809
721
568
605
742
724
495
284
130
-94
-263
-167
61
76
-41
14
76
-39
-188
-242
-224
-183
-114
-25
56
84
98
83
-47
-156
-163
-178
-220
-155
-7
43
12
-20
-16
-72
-234
-366
-402
-470
-617
-666
-601
-579
-661
-720
-682
-609
-577
-512
-397
-374
-414
-421
-344
-278
-263
-265
-307
-335
-342
-378
-500
-546
-449
-358
-324
-365
-342
-275
-293
-333
-360
-391
-448
-428
-294
-211
-351
-609
-652
-544
-595
-823
-986
-943
-859
-897
-980
-853
-646
-650
-677
-478
-140
33
-27
-41
173
349
333
302
382
580
744
745
705
823
949
903
801
798
898
913
793
811
1009
1089
959
835
887
945
896
832
825
841
847
812
768
793
771
672
592
606
675
675
590
543
565
498
371
322
340
310
202
169
195
170
110
100
129
124
86
49
42
41
37
11
-98
-189
-169
-143
-207
-271
-220
-195
-287
-341
-307
-316
-423
-507
-525
-549
-607
-626
-540
-435
-438
-528
-603
-609
-592
-589
-543
-453
-385
-391
-442
-457
-414
-391
-433
-549
-608
-552
-547
-590
-612
-649
-733
-784
-697
-634
-696
-696
-508
-304
-315
-405
-406
-344
-256
-221
-214
-241
-298
-372
-392
-234
-35
-71
-249
-227
-54
-48
-205
-246
-185
-179
-199
-118
-18
-80
-172
-124
53
150
77
107
294
413
448
551
722
757
720
807
934
947
866
854
881
930
984
902
753
687
682
593
500
555
619
545
429
485
640
664
567
539
616
625
580
591
665
731
694
627
627
608
505
404
366
376
387
315
213
206
211
125
21
-50
-101
-162
-260
-299
-260
-255
-330
-408
-413
-395
-389
-395
-372
-340
-361
-331
-264
-289
-381
-423
-403
-393
-442
-550
-627
-628
-618
-606
-636
-671
-700
-742
-755
-719
-702
-705
-648
-606
-585
-536
-464
-466
-505
-461
-368
-330
-386
-405
-339
-336
-424
-406
-287
-332
-490
-454
-297
-246
-280
-263
-214
-214
-213
-174
-90
-40
-9
80
90
66
117
112
18
-28
-12
-31
15
168
219
162
166
242
240
118
109
186
193
206
294
425
423
319
359
468
438
357
419
516
471
438
561
705
697
632
646
667
628
589
601
618
648
692
764
819
793
697
587
552
507
398
307
307
364
379
394
428
399
313
194
186
258
209
135
115
183
269
243
154
84
86
82
30
-8
-102
-199
-224
-215
-199
-270
-398
-467
-501
-590
-673
-619
-621
-735
-759
-631
-521
-626
-756
-738
-603
-511
-499
-487
-441
-374
-416
-414
-358
-421
-566
-592
-422
-402
-502
-505
-519
-431
-362
-401
-389
-460
-451
-337
-278
-254
-281
-324
-309
-85
48
-122
-90
-26
-60
-36
-47
-10
-39
-47
-49
-33
118
77
-98
-75
-31
32
6
-40
8
12
97
185
245
289
293
231
237
452
576
463
356
452
528
435
424
471
341
217
408
522
475
444
433
397
342
453
419
296
261
239
255
236
293
315
145
174
348
383
313
277
318
303
344
376
315
257
252
158
126
382
304
28
16
159
147
14
38
42
70
2
85
149
-119
-150
-130
-159
-103
-168
-217
-243
-98
-19
-173
-126
-71
-105
-118
-105
-139
-232
-323
-158
-102
-275
-255
-329
-437
-388
-376
-466
-556
-490
-446
-580
-598
-385
-321
-323
-365
-412
-213
-222
-401
-290
-154
-456
-317
38
-105
-264
-277
-168
-199
-307
-152
-262
-300
8
-32
-66
-110
-87
-303
-446
-130
10
-82
-74
127
54
138
249
3
-159
72
215
-93
55
392
311
136
201
313
222
295
380
235
320
260
186
330
278
249
171
217
340
262
213
243
349
313
102
152
155
190
211
154
338
257
245
320
119
345
322
6
166
359
207
169
243
11
42
195
117
97
54
158
142
8
370
78
-144
-11
33
122
-162
-237
-138
-72
-9
-17
-242
-160
-11
-114
-78
105
-241
-366
-31
-211
-237
-267
-248
-170
-350
-190
-166
-190
-228
-255
-165
-270
108
9
-278
-137
260
188
-205
75
11
-224
81
131
-268
-118
172
-144
-302
181
-35
-324
-33
-124
-88
29
-2
-283
-232
55
-200
-417
-18
20
-328
-48
31
52
-158
-89
-27
-267
97
57
-179
45
-35
-201
184
-37
-167
86
-303
-8
119
-287
-37
1
-115
140
304
-215
-100
167
55
192
147
403
49
-50
690
0
17
498
-188
58
305
182
-17
188
381
-103
163
387
-85
-54
85
-265
96
331
-165
228
313
42
439
-7
-77
270
30
59
238
245
48
240
55
15
207
-101
-118
79
-66
-114
57
71
-184
-162
110
-199
-56
-21
-69
-124
-42
181
-75
-68
243
-216
-268
475
-235
-219
573
-148
-479
267
145
-184
-132
-33
176
-195
-389
212
-246
-562
199
-105
-520
-57
-23
-319
-81
298
-169
-259
332
-253
-51
176
-202
67
10
-84
251
-23
-300
333
141
-496
156
253
-817
11
386
-631
-113
50
-393
-128
143
-99
-330
79
14
-204
-29
211
209
-135
12
169
87
99
264
-164
-36
522
20
225
570
147
-26
281
179
-289
-44
109
-291
140
287
-227
-82
242
-24
-132
-61
-32
-44
-182
371
192
7
311
187
-157
144
277
-334
-46
344
-112
-192
172
-358
61
248
-276
250
-18
32
282
-378
-49
153
-279
3
73
-185
1
36
-90
46
-227
17
217
-320
96
274
-61
-17
38
-78
7
110
-151
232
165
-125
57
-83
-47
54
-176
47
58
-504
-85
197
-26
-72
34
270
-169
-141
255
-190
-30
241
-265
-230
249
-115
-94
187
-287
-150
-77
-52
80
-393
-108
310
-205
-48
275
-335
119
328
-106
46
-65
322
108
95
237
-187
381
204
-58
123
-145
2
-26
-8
11
4
113
-59
-134
140
-8
-319
374
77
-612
439
108
-410
279
91
-31
-78
194
-6
-474
329
110
-497
403
138
-407
431
222
-80
19
-291
111
-59
-283
316
-322
-209
560
-202
-204
201
214
-225
-191
766
-391
-456
987
-570
-173
978
-603
-240
191
-201
-12
-46
18
-148
-346
172
-5
-650
353
-189
-758
431
-279
-579
358
-298
-156
474
-202
109
126
-97
295
-103
147
374
-454
354
162
-314
452
-142
82
12
-600
272
29
-240
411
-84
-257
340
92
-382
389
207
-179
178
53
20
202
-30
36
94
-23
181
-36
167
52
147
57
40
325
-103
120
269
-271
71
-89
-343
292
-302
-52
289
-373
-210
296
-96
-339
385
-85
-306
318
358
33
-58
216
46
-186
146
309
-299
5
325
-169
-94
276
-15
-262
157
81
-228
154
332
-605
-218
605
-105
-560
84
179
-419
223
48
-553
209
-25
-128
-79
-569
298
-199
-483
398
-341
-201
-50
-210
11
-360
107
-333
-254
599
-512
-108
541
-605
130
398
-411
79
173
-222
-314
639
-79
-559
546
0
-356
443
139
-369
334
235
-325
89
584
-235
-120
446
-138
120
395
-150
-8
527
-99
-163
354
343
-101
-38
539
-260
-83
401
-45
-379
278
382
-635
204
532
-366
-141
327
34
-328
202
102
-341
189
95
-272
65
63
-111
-132
56
233
-77
281
-119
109
277
-273
448
-123
-327
523
-33
-57
285
-28
-87
45
79
34
-24
-106
107
-272
-108
197
-517
-255
348
-434
-51
521
-662
-53
330
-584
-221
323
-34
-574
63
204
-366
66
209
-443
34
234
-459
94
62
-364
-184
-72
31
-247
150
-212
-562
573
30
-328
155
-263
-128
135
-140
-120
-218
-89
219
-290
31
225
-383
38
268
-14
55
130
-82
34
227
-6
-45
333
134
-223
595
214
-209
536
-1
-196
396
232
-197
207
474
-243
94
657
-19
-185
508
182
-106
269
180
-7
-263
192
366
-294
68
37
-363
233
31
3
332
13
-315
438
490
-431
121
309
-149
-225
108
286
-542
-107
544
-450
-316
126
-187
-199
-141
-114
-37
11
-26
-270
68
-230
-486
428
-45
-577
385
-200
-433
460
-449
-159
355
-181
355
-153
-608
429
-225
-561
114
241
-44
-245
12
0
-20
-260
-108
90
-165
-90
-4
-142
-38
-3
-32
-123
-9
-14
-179
27
213
-6
-201
499
168
-406
574
178
-596
302
287
-262
136
298
157
118
184
93
84
153
105
-226
-111
625
-355
-321
698
-90
-105
390
-63
-266
312
74
-398
216
309
-372
-128
404
-225
-27
312
-170
43
107
-208
65
284
-173
-248
287
175
-443
143
222
-537
-359
459
-383
-522
551
-209
-188
198
73
-124
-276
393
21
-485
502
138
-290
128
223
-111
-254
399
-72
-395
307
177
-303
62
74
-261
225
-62
-237
270
51
-110
11
71
273
-104
17
320
-265
293
81
-200
94
96
-38
44
361
-145
177
191
-335
41
204
-278
-203
54
181
-258
-117
539
-488
-6
288
-390
61
-141
-32
-180
-224
223
-375
-110
195
-417
115
130
-330
178
90
-421
124
116
-570
210
267
-484
-8
144
-150
-271
99
107
-174
9
-19
-32
-219
106
81
-436
268
374
-574
327
520
-546
107
383
-91
-109
158
8
-6
16
2
113
-103
126
156
31
356
77
15
133
103
184
-78
232
-6
-1
175
-48
158
87
80
-111
11
179
-203
81
129
-186
242
77
-132
330
38
56
125
-94
133
-136
90
158
-205
223
224
-360
53
278
-414
-6
203
-267
85
-9
-82
17
-105
171
-128
74
23
-205
255
-240
76
-24
-348
255
-194
-265
9
230
-316
-193
482
-311
-203
194
-125
-294
228
-221
-390
251
-294
-348
13
-171
-333
-77
-78
-201
-135
107
-444
0
237
-506
183
-40
-128
272
-86
-111
182
-103
-132
396
-41
-258
344
-2
-172
323
-160
-29
341
-98
186
159
-213
407
-5
-379
574
-73
-46
327
-180
261
122
74
160
-7
277
81
108
211
-2
47
135
81
-22
304
-34
-35
266
-63
5
217
-46
-81
102
-91
48
-31
206
143
-215
283
135
-268
186
217
-319
104
81
-217
52
-181
102
-82
-74
271
-425
-143
212
-531
-62
297
-546
7
223
-499
139
211
-678
131
146
-577
182
147
-256
-72
75
-127
-72
7
-125
256
-324
-4
398
-624
195
129
-555
352
63
-547
301
-114
-273
419
-201
172
-75
64
298
-458
425
251
-307
216
151
-23
82
51
-8
-84
3
284
-140
-85
273
-229
49
113
-273
102
128
-67
-173
168
86
-192
241
-4
61
335
-149
-156
207
-65
-166
105
10
97
154
78
-31
-205
299
-183
-255
424
-124
-188
138
141
-255
4
125
-282
-88
90
-71
-291
275
215
-298
464
357
-448
293
196
-364
286
-102
90
246
-462
284
270
-382
134
83
-200
30
-19
-160
-55
100
-257
-100
151
-52
-50
-102
-33
227
-150
-208
255
-73
219
21
-218
370
-142
-207
365
-99
-173
191
68
-131
-308
171
75
-416
-90
270
-126
-44
197
-285
75
294
-450
-128
533
-384
-40
400
-219
80
145
-142
-130
320
-167
-343
486
-86
-182
224
-206
163
-129
-177
152
-161
-142
90
100
-447
177
170
-489
344
39
-541
337
-105
-195
-8
-42
133
-300
326
245
-402
9
353
-87
-222
211
167
-343
282
140
-645
518
353
-416
78
248
60
-97
294
-40
-140
552
-30
-59
353
-130
-88
442
71
-306
256
229
-369
77
692
-504
-148
700
-628
75
467
-440
88
174
-1
-183
62
168
-480
41
26
-153
149
-285
35
52
-348
411
-222
-234
437
-434
-108
84
-18
-39
70
46
-222
311
-218
-316
169
-224
-108
93
89
-77
-15
-12
44
40
21
97
-330
166
74
-298
239
-2
-327
69
343
-404
-163
323
-282
-56
120
-20
-55
180
-68
-344
281
179
-357
259
218
-210
305
-168
106
219
-292
192
-47
55
178
-307
114
278
-271
-137
303
-16
-69
81
-176
187
170
-235
104
150
-14
-311
71
330
-491
96
318
-389
159
167
-285
245
94
-252
302
137
-323
17
127
88
-252
152
215
-385
266
-71
-44
146
-227
323
15
-358
314
109
-94
152
-13
-43
39
120
-77
-57
-42
130
-86
128
286
-421
-45
275
-217
-151
68
-122
205
-105
-268
157
219
-229
-292
185
-34
-1
-83
-267
226
206
-466
-115
310
-403
68
145
-416
274
108
-424
134
368
-484
253
167
-325
437
-292
-346
252
-26
-263
226
249
-439
21
375
-220
42
173
9
-59
150
171
-264
168
229
-237
-63
282
-120
-198
101
257
-92
-205
310
-180
68
298
-198
43
67
7
-19
7
118
-160
-185
117
50
-101
95
-87
-80
202
-40
-40
237
-106
-170
289
-158
91
27
-333
457
-199
-114
226
-344
412
-111
-158
328
-180
314
-174
-218
346
-46
-14
-96
112
159
-144
-53
191
29
-217
224
-29
-20
209
-367
-87
168
-277
-145
299
-204
-245
217
-221
-20
190
-287
-17
125
-244
2
216
-217
-144
286
-274
-4
354
-405
-80
360
-296
-178
356
-13
-258
194
241
-339
190
170
-440
178
215
-196
50
322
-4
-257
290
56
-309
257
30
-218
307
58
-252
232
83
-299
186
70
-285
329
-146
-312
356
-15
-263
154
284
-445
6
274
-288
21
-42
9
82
-116
30
116
-57
43
-48
23
146
-70
83
-138
188
64
-364
504
35
-327
343
-22
11
63
67
37
-334
340
-103
-406
517
-300
-234
442
-292
54
224
-369
-26
283
-149
-176
167
127
-271
-80
259
-451
54
395
-454
42
314
-169
-184
184
-26
-32
183
-392
178
210
-387
251
88
-304
173
-122
-270
275
-110
-124
176
44
-9
-79
198
-73
44
91
-185
211
-81
-72
-29
97
83
-293
183
177
-182
126
448
-298
-219
393
-112
-181
18
221
-207
245
209
-458
355
76
-190
28
-19
297
-94
-162
283
-210
-231
339
1
-321
201
53
-270
105
167
-211
-76
399
-84
-296
256
-16
-195
1
-87
-207
92
192
-432
42
237
-257
-150
35
162
-275
61
268
-208
110
172
-248
-55
265
-299
-117
185
-315
75
60
-145
188
-109
-48
141
-14
27
99
-64
-43
321
-126
-284
271
7
-264
186
152
-307
128
264
-154
-154
266
95
-204
406
115
-234
268
162
-26
2
-20
25
15
119
-75
22
203
-33
-16
149
58
0
38
-162
219
80
-374
273
55
-448
229
85
-289
241
-214
-142
434
-220
-101
105
-139
-21
-36
-142
184
-76
-390
42
227
-15
-428
85
61
-163
31
73
-91
-25
20
-337
160
-11
-115
-5
-182
264
-226
-238
360
-243
4
20
-167
243
-286
128
148
-341
241
-23
-176
154
-214
-56
37
-136
237
-155
-83
201
82
-15
-65
186
106
-136
58
409
-241
-50
439
-159
10
294
-71
7
250
61
-175
180
278
-280
38
413
-175
-151
379
-16
-135
271
-51
-145
89
17
-153
99
68
-157
154
-49
15
8
0
-95
-92
268
-184
-178
377
-158
-324
194
-77
67
-192
73
123
-460
283
212
-469
95
344
-405
-99
330
-290
-311
190
-113
-162
178
123
-364
134
269
-283
135
128
-166
-93
294
-185
-246
291
-136
-123
125
-209
185
153
-471
247
116
-315
397
-57
-290
381
-118
-416
240
97
-299
-169
283
163
-434
283
334
-363
47
277
-94
-193
165
-50
-89
238
50
-264
109
194
-259
44
104
-148
-103
186
-168
-87
269
-319
-161
281
52
-310
16
330
-111
-171
249
111
-58
189
-68
25
132
112
141
-14
37
175
7
-104
273
9
-128
97
69
-85
76
190
-153
-78
218
70
-36
-190
211
196
-263
-39
23
130
72
-78
-66
82
29
110
-276
-103
141
-411
20
159
-267
-74
46
-251
-88
39
-12
-120
-118
51
46
-144
-10
56
-136
-65
-7
181
-114
89
75
-237
64
7
133
-123
-40
188
46
-163
89
94
-309
186
-20
-146
116
-70
-109
115
-54
72
26
-98
166
-172
120
172
63
72
-198
143
-7
-87
115
-51
-200
-46
156
-206
126
155
-167
160
75
-87
126
-19
-257
283
30
-298
249
35
-196
291
62
-223
139
28
4
-21
3
77
-8
107
58
30
62
29
150
-107
-184
323
-146
-53
371
-264
40
208
-198
-19
230
-176
-286
237
-81
-120
115
-198
139
-67
-338
197
32
-71
-146
43
202
-4
-69
91
142
-155
185
-46
-302
205
-33
-291
-38
202
-25
-205
-35
100
-180
-98
244
-213
109
65
-110
127
-77
172
-181
-92
385
-81
-222
200
50
-289
132
69
-242
52
113
-237
-103
159
-100
-148
-49
-7
-36
-47
181
-163
-115
212
-87
-15
19
-71
159
12
-70
245
-110
-37
171
-126
73
200
51
-92
88
310
-157
-106
275
-41
-42
119
-164
-54
254
30
-141
152
153
-91
77
123
21
-83
-26
259
-35
-117
82
-109
95
90
-290
-172
142
-134
-245
362
-15
-278
322
-96
-92
273
-54
-7
-29
-149
166
-90
-98
176
-114
-33
-13
-68
-107
-202
40
-33
-124
59
-7
-99
-107
139
46
-260
176
149
-250
195
105
-88
129
-40
-27
34
39
-96
-25
52
-158
123
31
-214
139
94
-75
-74
38
66
-149
-55
97
123
-136
-78
215
-103
44
143
-127
-25
198
-10
-226
232
-23
-188
339
-178
-219
310
-123
-29
168
-122
-23
95
39
-168
-17
274
-180
-112
165
-191
151
62
-238
332
-38
-164
155
-241
48
245
-193
-75
232
14
-51
30
161
-74
-125
178
-183
-5
49
-95
154
-48
-71
49
28
-215
48
92
-230
297
22
-222
171
43
-53
-71
107
49
-85
111
-60
-8
124
-33
-93
102
21
-120
73
-105
-125
15
63
-60
-45
216
-151
-17
325
-340
-14
252
-321
65
110
-66
-26
103
32
-166
289
-45
-62
159
-146
240
-95
-160
286
-80
-141
65
113
-61
-116
127
-10
-183
27
110
-138
-177
138
-70
-16
99
-202
54
186
-114
-132
-40
96
21
-203
119
67
-96
-22
70
-2
-104
79
-19
-143
135
26
-225
154
-28
-139
105
-36
-19
2
43
-21
-83
162
-51
-27
150
-186
78
136
-134
53
15
-47
79
-110
-25
4
14
25
-103
128
-40
-102
126
55
-57
1
121
79
-149
62
99
-65
124
50
5
-1
96
-47
35
289
-199
-46
274
-145
-43
222
-145
-32
123
-75
11
2
14
-42
8
151
-100
14
130
-220
55
64
-151
100
-148
-46
119
-178
25
-2
-90
-14
-52
-46
80
-79
-161
163
12
-38
77
20
-43
-89
-8
-26
-42
26
-46
21
6
-3
101
-118
51
10
-73
138
-32
-32
41
-2
-9
46
13
12
-60
-9
-33
17
14
-145
15
-16
24
-74
-60
101
-16
-15
-7
9
54
34
7
0
-7
114
14
-42
113
-13
21
64
-113
78
103
-195
-11
85
-143
-18
50
-90
-48
-65
14
-10
-52
44
-50
11
155
-126
-48
166
-29
28
37
71
11
-127
98
105
-143
100
89
-202
71
69
-91
86
8
-79
-25
69
78
-112
100
140
-123
96
81
-187
103
126
-228
93
-11
-94
211
-123
-44
178
-18
45
80
-206
-29
72
28
75
-117
-74
103
32
-25
-10
-6
35
-15
84
-3
-140
-16
29
6
-20
7
1
-24
54
-92
-40
68
-47
-58
74
35
-157
37
21
-113
30
-40
-33
36
-63
36
-41
-79
79
-19
-28
79
-113
2
87
-120
27
1
-105
-35
51
-19
-106
105
77
-31
123
-33
-15
74
-54
-36
50
61
-19
37
20
-47
49
-14
-60
38
-127
-36
69
-43
34
-29
-27
89
79
-43
-64
57
69
-29
37
43
-33
-12
-16
123
-23
-166
60
-2
37
154
-131
-101
117
94
19
-157
4
49
-80
200
11
-164
39
32
30
126
-54
-146
46
-7
110
-101
-89
185
-87
89
202
-120
-86
106
-28
29
160
-142
-134
129
31
34
66
-41
-31
166
46
-73
108
-91
-27
78
-12
-44
-98
-60
55
67
-133
-94
32
-77
52
129
-99
-15
10
-53
71
-91
-113
7
-115
39
-11
-126
1
-102
-29
80
-48
-56
-38
-101
-26
124
-40
-119
-53
-14
92
-15
-31
-95
-103
91
-5
-33
-30
-148
12
57
-41
-14
-13
1
33
61
116
64
-38
66
77
64
114
-10
-29
63
62
60
125
8
-23
133
47
83
117
-110
24
116
-25
70
32
-14
88
12
84
92
-5
47
-68
8
71
4
5
-40
-21
71
83
-24
-28
-10
15
38
25
-26
-48
18
-104
-30
72
-143
-127
-65
-129
-5
18
-168
-65
-25
-106
78
-4
-54
-12
-74
-2
-68
0
-44
-169
-26
-22
-41
44
-33
-42
40
-12
38
11
-64
-12
-29
73
25
-99
10
-68
-66
24
-61
-51
-38
-82
23
70
-7
44
1
-55
54
62
74
24
-10
36
39
148
81
31
79
28
61
86
41
66
-7
22
70
33
116
-51
-74
88
11
27
57
-37
31
46
-34
83
46
-76
9
15
-32
-3
38
20
-2
0
-36
-23
38
-30
-97
-5
-15
-65
-11
-23
-33
-6
-28
-9
-10
-3
-52
-76
11
18
-40
-2
9
-45
20
0
-32
-14
-40
-63
-28
48
-28
-43
0
-34
-4
33
58
-3
-19
7
-36
20
61
-37
-40
59
19
46
64
32
-40
-46
73
44
40
67
13
5
21
12
30
0
-9
-60
-44
4
-40
51
4
-68
59
-49
-62
98
-62
-94
-16
-75
18
9
-66
-28
-37
-14
-24
-14
16
-23
-25
-1
25
17
-26
49
52
-28
56
65
-2
85
71
-27
50
56
-24
-5
-8
-14
-29
-29
26
-6
-1
40
34
3
-11
14
-10
-5
23
-27
-2
-9
-52
19
14
-15
-20
-31
-29
8
-5
-19
37
17
-29
6
30
-20
-1
1
-29
-8
5
21
-9
0
15
10
43
28
23
10
-34
2
-19
-83
-9
2
-6
-43
-45
2
-34
23
18
-27
0
-13
29
49
-30
5
58
12
12
48
4
-47
-16
-17
-7
5
-26
-11
-2
64
73
-19
37
35
-23
32
-7
-13
13
-27
31
41
25
25
-26
31
18
-16
59
19
7
27
14
46
28
17
9
1
0
-50
-31
-42
-88
-30
-16
-35
-13
-26
-20
-14
-37
-28
-50
-35
-37
-83
-52
-48
-75
-42
-36
-48
-57
-44
-20
-46
3
26
22
27
-12
20
21
-1
32
26
9
1
14
46
30
17
16
32
39
21
57
68
43
64
87
82
63
24
17
30
11
-20
-3
45
10
8
49
33
22
9
0
29
37
15
26
64
39
10
31
19
8
-14
-43
-10
-25
-68
-29
-36
-77
-65
-26
-13
-14
-15
-25
-6
-10
-29
-14
-24
-49
-26
-18
-27
-34
-57
-55
-21
-14
-31
-4
12
-13
-28
-16
-13
-4
-14
-22
1
-33
-52
-20
-27
-39
-30
-26
-14
32
8
-29
6
0
-1
25
9
6
29
16
18
26
-16
-21
24
36
26
41
39
26
25
23
35
32
36
36
38
56
36
18
24
41
25
11
23
9
16
38
47
22
1
4
-2
12
2
-11
17
34
17
-10
-12
-11
-36
-42
-29
-21
-16
-22
-24
-13
-13
-27
-28
-12
-9
-14
-19
-2
4
-9
-2
1
8
22
11
-7
-1
-6
-14
-3
-20
-16
3
10
12
-4
0
10
1
-9
0
7
-1
-7
-7
-7
-10
-12
-21
-24
-17
-17
-28
-43
-39
-38
-37
-11
-16
-36
-26
-33
-37
-27
-33
-24
-9
-8
-12
-11
-5
-5
6
24
27
33
45
56
69
67
58
47
28
33
42
23
19
26
23
21
11
10
20
20
14
20
22
20
18
-3
-3
18
15
3
-8
-12
-3
-7
-18
-22
-25
-17
-12
-5
-6
-11
-8
-11
-9
6
2
-11
-9
-14
-11
-11
-32
-38
-24
-25
-23
-16
-16
-12
-2
-2
0
-3
-10
-1
10
12
13
15
12
12
22
15
5
10
16
11
9
11
9
11
9
3
-3
-7
5
11
1
1
6
-1
-2
-5
-4
3
3
8
10
9
6
-9
-6
0
-8
-2
1
-4
-6
-16
-18
-12
-17
-15
-7
-3
2
-4
-13
-18
-27
-23
-19
-8
5
3
4
8
9
10
-2
0
13
3
6
10
1
-7
-2
2
-2
-3
-12
-9
-7
-10
-2
-7
-12
-15
-22
-23
-18
-22
-23
-8
-1
-8
-9
-7
2
17
16
17
13
10
15
18
19
14
12
25
30
32
37
29
22
29
26
18
13
17
27
29
27
24
21
12
10
14
7
0
-1
-1
1
-13
-14
-8
-9
-4
-13
-16
-5
-5
0
9
12
11
-2
-20
-27
-17
-15
-22
-18
-7
-10
-20
-42
-56
-46
-34
-31
-25
-9
-4
-4
-2
-5
-16
-16
-5
5
8
10
8
4
12
11
7
9
5
7
11
14
13
5
4
4
-3
0
3
-2
-4
-4
-5
0
2
-12
-22
-16
-14
-9
5
9
1
1
-1
-16
-25
-25
-29
-29
-18
-15
-15
-1
5
0
11
18
13
22
28
29
25
20
20
15
22
24
11
11
15
6
7
16
23
25
24
23
21
24
28
20
11
0
-10
-5
-8
-8
0
3
7
6
6
8
8
5
-2
-1
7
5
1
-1
-9
-23
-33
-35
-31
-23
-16
-11
-2
-3
-15
-7
-4
-16
-12
-12
-11
3
11
9
11
10
4
0
-3
-8
-14
-15
-14
-14
-5
-2
-1
-1
0
6
-2
-12
-7
-8
-15
-16
-16
-21
-10
-3
-6
5
9
-5
-10
-6
-8
-9
-4
-1
2
5
1
-7
-17
-16
-5
7
13
16
22
21
18
25
19
6
-2
-4
3
7
10
14
11
3
0
-2
-7
-5
6
12
16
21
24
16
8
3
0
3
8
0
3
5
-6
-6
-4
-4
-2
5
6
6
8
5
5
1
-4
-2
0
-4
-2
-1
-2
1
5
-2
-3
5
2
-2
4
13
4
0
6
6
0
-8
-9
-20
-19
-9
-11
-6
2
4
14
17
11
13
7
0
5
5
11
12
15
20
10
-6
-9
-6
-6
-8
-11
-10
-9
-16
-24
-14
-5
-8
-11
-11
-15
-17
-20
-27
-35
-31
-23
-24
-17
-16
-26
-23
-19
-25
-19
-16
-14
-4
1
-3
-2
-4
-10
-8
-11
-14
-6
-8
-9
-4
-1
-2
-6
6
24
27
32
39
37
39
41
40
41
39
38
36
33
39
37
28
27
31
27
19
14
11
3
6
11
4
0
-6
-14
-14
-9
-5
1
7
13
7
5
8
13
10
5
5
4
2
-3
-9
-16
-18
-19
-19
-16
-14
-17
-16
-8
-7
0
7
6
7
-1
-11
-20
-25
-22
-24
-26
-22
-21
-17
-14
-12
-10
-11
-17
-17
-17
-20
-24
-27
-27
-28
-27
-23
-21
-16
-11
-11
-8
-4
1
6
18
21
19
23
26
22
21
22
16
14
16
18
18
9
10
6
3
3
0
3
10
16
16
13
10
5
2
-2
-5
-9
-12
-8
-5
-3
0
0
0
-5
-6
-1
2
4
1
-4
-4
-4
-5
-6
2
5
5
4
2
2
6
9
11
12
7
6
5
2
2
2
3
2
5
7
-1
2
5
2
3
1
10
17
11
6
2
-7
-11
-7
-7
-14
-13
-14
-17
-16
-6
5
10
14
9
4
2
0
-2
-1
0
-4
-5
7
12
7
4
-2
-3
-3
-2
3
7
12
12
9
6
5
11
7
2
8
10
6
4
1
-2
-1
-5
-14
-16
-19
-20
-15
-15
-21
-23
-20
-19
-18
-19
-26
-32
-36
-26
-20
-11
1
6
15
17
17
15
3
-2
-5
-5
2
0
-2
3
6
3
5
9
7
5
5
2
-2
0
1
3
-2
-11
-10
-3
1
7
16
20
20
23
23
21
27
27
17
10
5
6
11
10
10
11
4
5
3
-3
-9
-11
-4
1
7
12
11
14
11
6
-2
-11
-15
-17
-16
-15
-13
-11
-12
-9
3
9
8
3
2
2
-1
-2
-5
-7
-8
-11
-13
-14
-13
-7
-7
-5
0
3
6
8
16
12
3
2
-2
-4
-4
-5
-5
-5
-7
-14
-17
-17
-20
-19
-20
-24
-19
-7
2
10
6
2
3
3
0
0
3
7
16
23
18
8
10
15
14
14
10
8
9
12
15
15
19
22
21
17
12
7
3
-3
-14
-20
-23
-20
-14
-13
-14
-14
-16
-19
-14
-13
-17
-16
-11
-5
1
2
1
-4
-5
-4
-8
-2
5
8
8
-1
-6
-7
-8
-5
1
5
7
5
5
13
13
14
13
12
7
-1
-3
1
-1
-5
1
1
-1
1
3
7
3
0
1
1
2
-1
-3
-2
-6
-1
-1
-4
8
8
7
13
13
6
-4
-5
-4
-5
-7
-10
-9
-13
-15
-7
-6
2
15
17
17
15
12
10
11
7
8
13
13
9
10
12
9
5
0
-5
-2
0
0
1
-3
-7
-9
-13
-14
-13
-17
-15
-7
-5
2
5
3
6
8
12
11
16
18
15
14
10
3
-3
1
1
-7
-8
-8
-8
-6
-10
-15
-17
-23
-22
-14
-12
-14
-10
-7
-12
-20
-20
-24
-32
-32
-33
-30
-25
-22
-19
-13
-9
-7
-3
3
5
3
3
-2
-5
-6
-6
-2
-1
-1
-3
-3
5
13
16
16
14
14
15
20
19
16
18
15
11
11
14
18
24
27
32
37
35
35
39
38
34
36
37
36
33
28
18
6
-2
1
3
-2
-4
-3
-5
-3
2
2
4
6
7
1
-8
-8
-7
-7
-6
-4
-8
-10
-3
2
3
7
9
5
-3
-11
-22
-28
-28
-24
-23
-22
-23
-22
-20
-22
-26
-29
-27
-22
-19
-17
-14
-11
-8
-12
-15
-15
-21
-26
-29
-26
-27
-32
-31
-29
-27
-23
-19
-13
-12
-13
-13
-10
-11
-14
-14
-13
-6
1
5
8
6
15
18
13
20
24
25
29
26
30
32
29
33
38
35
35
37
37
40
37
30
26
30
30
22
21
20
17
14
9
6
3
0
2
2
3
10
16
22
25
21
11
5
2
-3
-10
-13
-17
-22
-18
-17
-15
-11
-12
-15
-18
-26
-31
-27
-22
-26
-28
-23
-15
-14
-17
-17
-21
-15
-12
-13
-10
-8
-11
-12
-9
-10
-15
-12
-9
-8
-5
-4
-1
2
3
6
6
-1
-7
-7
-7
-4
-6
-8
-4
-3
-8
-6
0
4
12
21
25
33
34
28
26
18
12
12
16
16
8
-1
-5
-6
-3
1
4
9
16
15
14
15
9
7
10
12
13
10
7
5
6
3
-3
-4
-4
-8
-11
-12
-12
-9
-3
4
11
13
9
1
-3
-10
-15
-15
-16
-13
-7
-2
-2
-7
-12
-18
-19
-15
-14
-11
-8
-9
-14
-15
-13
-10
-12
-16
-20
-19
-18
-18
-11
-7
-4
-4
-4
4
7
10
18
19
16
21
28
28
21
16
7
4
8
6
5
6
11
10
10
10
6
4
2
-2
-2
0
-2
-5
-5
1
10
18
27
25
19
11
-5
-14
-14
-13
-12
-7
-1
-1
-2
1
-1
-3
-4
-14
-21
-24
-20
-13
-9
-8
-6
-5
0
9
10
8
7
6
5
4
7
9
11
13
14
12
12
16
15
12
4
0
-8
-10
-6
-8
-11
-7
-6
-5
-4
-1
-1
-4
-1
-1
-3
-8
-13
-14
-19
-25
-19
-13
-5
5
6
4
1
-3
-3
-5
-4
-4
-10
-11
-10
-5
3
7
9
7
2
-5
-6
-2
4
12
20
24
22
24
24
20
16
15
12
8
6
2
-2
-5
-8
-10
-9
-5
-4
-4
-3
-5
-8
-10
-19
-21
-15
-11
-8
-1
4
10
17
14
3
-7
-14
-16
-15
-13
-11
-7
1
4
3
-3
-6
-5
-9
-11
-13
-8
5
12
20
23
23
21
19
14
10
7
-1
-6
-9
-12
-16
-16
-11
-8
-8
-9
-5
-4
-5
-1
4
3
2
6
8
8
4
3
-1
-6
-4
1
5
11
16
16
17
12
14
17
17
13
6
7
10
8
1
-6
-4
-7
-6
0
4
4
9
13
11
7
5
1
-4
-4
-6
-9
-8
-7
-11
-15
-18
-15
-12
-11
-11
-10
-10
-12
-11
-9
-8
-6
-5
-2
-1
-3
-5
-2
2
-1
-4
-8
-12
-9
-9
-8
-9
-11
-9
-6
-3
0
-4
-6
-7
-3
-2
-3
-2
-2
1
7
17
26
28
29
24
18
9
6
6
3
5
8
10
8
6
11
13
18
24
27
26
19
10
5
5
1
-5
0
2
4
9
6
-1
-9
-16
-21
-29
-31
-34
-29
-18
-17
-12
-6
-3
-1
-3
-1
-1
-3
-7
-11
-14
-18
-18
-16
-16
-10
-5
-9
-16
-13
-13
-12
-7
-1
8
12
14
12
14
16
10
7
6
5
4
1
5
9
14
20
24
26
27
25
19
15
13
12
12
7
-1
-3
-6
-7
-4
3
4
7
16
22
25
25
21
17
17
15
8
5
-2
-3
-3
-5
-5
-7
-12
-13
-12
-15
-20
-23
-21
-21
-25
-27
-26
-20
-21
-25
-24
-17
-14
-16
-16
-17
-20
-17
-12
-9
-10
-10
-4
-3
0
-2
-8
-13
-16
-14
-12
-10
-9
-8
-7
-1
4
6
10
11
14
17
18
20
19
16
16
16
15
14
12
12
14
16
18
16
11
8
4
1
0
-1
6
11
12
16
18
13
10
3
-1
1
1
5
4
6
9
12
19
18
14
15
12
6
3
3
1
-3
-5
-6
-12
-15
-13
-11
-5
1
-3
-4
-1
0
1
3
5
3
4
2
0
-2
-3
-4
-7
-8
-6
-6
-9
-9
-12
-16
-15
-13
-10
-9
-11
-13
-14
-13
-11
-12
-13
-13
-10
-6
-6
-4
0
2
3
1
-1
0
0
-4
-5
-8
-17
-21
-17
-14
-13
-9
-1
-4
-9
-8
-11
-15
-16
-10
-7
-5
1
8
9
8
11
12
14
18
19
18
12
6
5
7
10
10
10
5
6
8
8
10
12
16
16
14
13
14
11
5
1
2
6
11
15
14
11
8
9
13
13
13
19
24
26
26
25
23
16
10
1
-8
-10
-5
1
4
10
8
7
10
9
4
2
2
1
1
-3
-6
-3
-3
-7
-14
-24
-27
-26
-25
-24
-26
-25
-21
-14
-10
-10
-12
-15
-21
-29
-37
-37
-35
-31
-26
-22
-19
-17
-19
-22
-21
-18
-16
-8
-2
0
1
-1
-5
-8
-6
-9
-5
1
8
15
15
15
15
14
19
21
20
18
18
13
7
0
-6
-4
0
3
9
16
19
18
14
8
7
5
5
8
13
17
16
16
11
8
11
12
9
8
10
15
17
16
14
10
8
6
5
5
10
13
13
14
12
13
12
8
3
0
0
-1
-5
-2
1
-2
-6
-9
-7
-3
-6
-9
-10
-10
-10
-11
-11
-8
-4
-3
-5
-12
-17
-24
-29
-28
-23
-20
-20
-20
-16
-9
-7
-5
-2
1
0
0
-3
-7
-10
-15
-17
-17
-15
-10
-10
-7
-3
2
7
6
4
2
-1
0
3
5
10
10
9
11
9
7
6
6
5
3
7
8
5
7
13
15
13
12
13
14
5
0
2
2
1
4
2
2
0
-3
-3
-4
-2
6
11
13
13
10
8
5
6
10
10
11
10
11
8
2
-1
-6
-12
-17
-17
-15
-17
-14
-10
-7
-5
-3
3
5
3
-1
-3
-6
-8
-11
-14
-11
-11
-14
-9
-4
-4
-1
3
1
-4
-7
-5
-5
-5
-7
-5
-4
-2
2
5
8
5
3
3
0
-1
2
6
5
8
10
12
11
14
21
22
17
10
5
1
-2
-4
-6
-4
-4
-4
0
2
2
1
-7
-11
-14
-17
-18
-12
-5
-4
-2
2
1
2
0
0
2
1
1
0
0
-1
1
1
2
3
3
4
6
9
6
3
-3
-3
2
6
11
14
11
9
8
5
3
2
4
4
4
4
0
-4
-8
-11
-10
-5
0
4
5
-1
-8
-8
-11
-16
-13
-5
1
2
-3
-4
-1
-1
-4
-6
-10
-13
-11
-6
-2
-1
3
4
5
5
4
7
9
11
10
8
9
6
1
-1
-4
-1
-2
-5
-3
-3
-4
-5
-10
-14
-14
-12
-11
-11
-5
0
-1
-1
-2
1
0
-3
0
1
3
5
3
3
4
5
8
5
2
1
1
-2
-2
1
-2
-3
-1
-1
0
6
10
12
6
5
8
7
7
10
12
12
10
9
4
3
5
9
13
11
8
5
0
-2
-5
-6
-5
-2
2
5
9
13
16
14
9
3
0
-4
-10
-15
-13
-9
-3
2
4
4
2
-3
-6
-8
-11
-16
-21
-23
-20
-13
-8
-5
0
5
6
3
-4
-10
-14
-14
-12
-15
-19
-19
-18
-17
-15
-16
-16
-9
-5
-2
-2
1
0
-4
-5
-6
-7
-10
-9
-7
-1
5
7
5
1
0
2
4
4
5
9
15
18
22
25
20
13
10
8
7
5
9
12
14
15
13
12
12
17
19
18
19
17
13
11
10
10
8
5
2
2
8
10
11
9
5
4
1
2
2
1
5
6
5
3
-1
-1
-4
-7
-7
-4
1
-1
-6
-2
-4
-8
-8
-6
-9
-15
-16
-14
-13
-10
-8
-14
-18
-19
-19
-18
-18
-17
-17
-18
-19
-19
-19
-17
-15
-15
-15
-10
-7
-6
-9
-15
-20
-17
-13
-10
-10
-13
-12
-9
-6
-4
-1
3
6
9
10
9
10
10
12
15
16
16
17
21
23
25
22
17
13
13
14
14
12
10
12
14
14
14
13
18
21
19
15
13
14
14
11
13
11
7
9
11
14
12
12
14
9
4
-4
-5
-3
-5
-4
-3
-2
-5
-9
-10
-9
-13
-16
-15
-8
-5
-6
-6
-4
-8
-7
-4
-1
1
1
2
1
-4
-10
-17
-24
-29
-32
-32
-31
-23
-17
-16
-16
-20
-20
-19
-19
-18
-20
-18
-13
-9
-5
-4
-6
-9
-12
-14
-9
-2
-2
-2
1
3
3
5
12
17
19
19
15
15
13
9
6
9
14
16
14
12
15
21
23
26
27
26
26
24
18
16
17
19
18
15
11
9
13
19
16
12
5
2
2
-2
-4
-3
1
2
4
8
8
3
-4
-7
-7
-10
-15
-17
-9
-4
-8
-12
-11
-4
-2
-4
-5
-8
-11
-11
-10
-11
-14
-17
-19
-24
-24
-22
-22
-20
-13
-6
-2
-6
-11
-12
-9
-2
2
5
8
9
8
7
9
6
-2
-8
-12
-14
-13
-13
-12
-8
-6
-8
-6
-2
-2
-2
-2
-2
0
3
7
12
9
5
3
5
8
10
9
3
1
-1
1
3
3
4
5
7
8
9
12
13
14
11
10
9
10
15
18
18
13
10
11
15
15
15
18
21
22
19
16
12
6
4
3
1
-1
-6
-10
-11
-13
-15
-18
-15
-10
-6
-7
-8
-9
-9
-5
-5
-9
-11
-8
-2
2
-3
-7
-11
-12
-14
-20
-20
-16
-10
-9
-12
-14
-18
-17
-13
-11
-14
-17
-13
-6
0
1
3
2
-1
-1
1
-1
-4
-4
-1
3
3
1
-1
-1
3
5
5
5
7
10
7
6
5
7
7
6
5
1
1
3
5
6
6
6
8
8
6
1
-2
-1
3
8
11
11
9
9
14
19
21
19
19
20
17
13
11
8
9
9
9
8
7
5
2
0
-3
-1
1
0
-1
-2
-5
-3
-3
-4
-3
-1
-2
-2
-5
-11
-17
-19
-20
-21
-22
-20
-20
-21
-24
-23
-19
-17
-17
-21
-22
-21
-18
-19
-21
-20
-15
-6
2
4
3
6
6
5
7
9
8
9
14
18
21
22
25
22
18
15
14
14
10
8
6
1
0
2
6
7
4
2
4
4
1
-3
-5
-8
-8
-4
-4
-7
-7
-2
3
5
2
1
-1
-2
-5
-5
-2
-7
-8
-6
-3
0
1
-1
0
5
9
13
12
12
10
10
9
7
4
2
1
2
4
1
-4
-4
-3
-5
-5
-1
5
12
11
12
11
7
1
-4
-7
-6
-2
-3
-7
-13
-13
-7
-2
-3
-6
-5
-3
-2
-2
0
-1
-3
-7
-10
-8
-9
-15
-20
-17
-13
-11
-7
-6
-7
-8
-5
-3
-2
-3
-5
-5
-1
0
-3
-7
-8
-5
0
1
-1
0
4
8
9
8
8
12
13
12
9
7
8
10
10
9
5
7
8
6
2
-1
-1
-1
2
2
-1
-4
-1
3
7
5
0
-1
3
7
9
11
11
6
5
4
1
-1
1
0
4
11
12
11
8
3
-3
-5
-6
-6
-7
-7
-12
-16
-12
-5
-2
-3
-1
1
2
4
4
3
1
1
0
-2
-2
-4
-8
-8
-10
-10
-6
-3
-4
-4
1
5
9
11
9
3
1
3
2
0
-3
3
10
11
9
5
1
1
4
4
1
-2
-3
-1
4
3
3
2
0
-3
-3
0
0
-1
-3
-6
-7
-10
-13
-17
-16
-15
-16
-20
-22
-18
-15
-12
-9
-7
-6
-5
-5
-5
-4
-5
-5
-3
-9
-12
-15
-11
-7
-6
-4
1
3
5
4
1
4
8
11
12
11
13
13
10
12
10
10
14
18
24
22
21
19
23
24
19
19
21
20
20
20
19
16
11
11
15
15
16
9
5
4
0
-3
-3
-1
-2
-2
-6
-11
-11
-10
-10
-7
-3
-1
-4
-10
-11
-11
-13
-16
-24
-26
-22
-23
-23
-19
-18
-17
-15
-15
-14
-10
-8
-10
-12
-13
-8
-8
-11
-7
-8
-12
-8
-6
-3
0
7
9
7
6
9
10
8
4
2
-2
-4
2
5
4
4
3
-3
-6
-3
0
-2
2
6
9
9
5
4
7
8
5
3
6
3
-1
-3
-4
-4
-3
-5
-3
-1
1
1
0
0
0
-1
0
5
6
7
9
9
10
11
7
7
10
9
6
3
4
6
5
5
6
6
9
9
10
8
8
5
-1
-2
2
2
-1
1
0
-3
0
2
1
-3
-2
1
0
-3
-3
-2
-5
-9
-9
-8
-7
-5
-8
-8
-6
-7
-5
-2
1
2
1
-3
-5
-3
-3
-6
-11
-9
-5
-4
-3
-2
4
6
10
10
9
7
5
5
4
2
3
4
2
-3
-4
-3
-3
-4
0
2
-2
-6
-8
-6
-2
0
-3
-9
-11
-9
-12
-11
-10
-8
-7
-6
-5
-6
-7
-8
-9
-4
-1
-1
1
2
2
0
0
2
2
1
-1
2
7
9
10
13
16
18
15
14
13
11
14
14
6
2
2
6
5
3
3
1
-3
-4
0
4
4
3
1
0
-3
-7
-9
-10
-11
-9
-7
-5
-6
-5
-5
-4
-1
1
-2
-5
-5
-4
-2
-2
-4
-5
-6
-9
-14
-14
-8
-1
-2
-5
-5
-3
-2
-2
-5
-3
-1
3
6
9
11
11
12
11
9
10
11
13
16
16
17
18
15
16
16
9
5
2
3
2
3
7
8
10
8
4
2
1
4
8
7
3
0
-1
-3
-5
-5
-1
1
0
-1
-1
-5
-12
-16
-18
-23
-28
-26
-19
-15
-11
-11
-14
-14
-16
-20
-25
-27
-28
-27
-25
-24
-20
-18
-18
-15
-12
-9
-7
-4
1
3
6
9
13
13
14
17
17
14
13
14
13
12
12
11
13
14
15
15
16
15
14
13
11
11
9
5
6
9
9
8
8
13
14
14
16
14
8
4
3
-2
-2
1
3
2
0
-1
-4
-5
-5
-9
-9
-4
-1
-1
-1
-2
-1
-1
-1
-5
-7
-3
-2
0
1
3
0
0
1
0
-4
-5
-3
2
6
6
6
3
0
-3
-8
-13
-15
-16
-14
-14
-14
-12
-10
-5
0
2
6
9
10
9
9
10
11
8
4
1
-3
-6
-7
-3
-1
-6
-7
-2
2
3
1
-1
-1
3
4
1
-1
-2
-7
-9
-10
-7
-5
-5
-3
1
5
3
2
4
7
6
3
-6
-11
-17
-20
-21
-20
-20
-18
-18
-16
-13
-10
-8
-7
-2
5
8
11
11
13
16
14
10
9
10
8
6
6
8
9
8
7
3
1
6
9
8
4
2
2
3
4
6
5
5
7
7
9
7
7
6
9
13
12
11
10
8
3
1
2
2
0
-4
-5
-6
-4
1
7
11
13
11
10
10
9
3
-4
-7
-7
-5
-2
1
3
2
-1
-3
-5
-6
-7
-8
-10
-11
-14
-17
-19
-21
-21
-18
-16
-15
-16
-13
-11
-9
-7
-6
-8
-7
-6
-3
-3
-5
-6
-5
-5
-3
1
3
2
4
7
9
5
1
-1
-3
-3
-2
-2
0
2
6
10
12
11
8
6
5
4
5
6
5
3
4
5
2
3
4
5
5
5
4
3
2
-2
-5
-4
-3
-4
0
1
3
1
-2
-3
-3
0
5
8
12
16
17
18
15
13
13
11
8
5
5
2
0
2
1
-3
-6
-9
-6
-2
2
3
2
-2
0
0
-3
-5
-4
0
3
2
1
-2
-7
-8
-4
-3
-8
-10
-10
-10
-4
-3
-4
-6
-9
-10
-8
-7
-6
-5
-7
-12
-12
-11
-10
-8
-5
2
4
3
1
-2
-2
0
0
2
3
0
-2
-1
-5
-10
-12
-10
-8
-5
-1
4
6
7
5
2
-1
0
-2
1
4
2
0
1
1
2
3
3
3
6
10
12
19
24
24
20
15
14
13
10
9
12
15
17
15
13
13
12
10
6
5
3
2
4
5
3
-2
-4
-7
-7
-5
-3
-4
-3
-1
0
0
-1
-2
0
0
0
-4
-6
-8
-13
-20
-21
-20
-18
-20
-16
-11
-10
-9
-11
-13
-14
-16
-16
-18
-20
-21
-20
-16
-14
-10
-6
-3
2
3
0
0
2
1
0
-2
-4
-4
-2
-3
-5
-7
-10
-12
-9
0
8
12
17
22
22
21
20
17
11
11
9
6
7
9
12
14
13
12
10
12
17
20
23
22
22
19
16
12
6
3
-2
-6
-5
-5
-3
-3
-2
2
4
4
6
10
10
11
14
15
13
9
2
-4
-7
-11
-14
-15
-16
-18
-17
-14
-14
-13
-10
-6
-4
-3
-6
-6
-7
-6
-4
-3
-5
-9
-9
-9
-12
-11
-12
-12
-9
-6
-2
-1
-4
-3
-5
-6
-7
-7
-5
-3
1
-2
-4
-5
-4
-5
-4
-6
-4
-3
-3
-2
-1
1
5
7
7
5
6
6
3
4
5
2
0
3
5
4
3
0
0
1
3
1
4
6
6
7
6
5
4
1
-1
-3
-2
0
-1
0
4
5
2
1
2
-1
-4
-1
-2
-1
1
0
0
1
0
1
2
0
0
-1
0
1
2
3
9
14
16
14
10
7
5
7
8
7
5
5
7
7
6
5
4
3
5
9
10
9
9
11
9
10
8
4
0
0
1
2
0
-5
-7
-6
-8
-10
-13
-14
-15
-14
-8
-6
-5
-5
-7
-9
-11
-14
-19
-19
-16
-17
-19
-19
-18
-19
-22
-23
-22
-22
-20
-18
-17
-12
-6
-2
-1
2
4
6
6
4
2
1
1
1
2
4
5
7
10
12
12
10
11
11
10
9
9
11
13
16
17
16
15
12
8
6
6
8
8
7
8
9
7
10
9
6
7
7
7
8
7
9
13
13
11
6
6
4
1
0
-3
-7
-6
-4
-3
-4
-5
-7
-8
-6
-3
-3
-2
-1
-1
-1
-1
2
0
-5
-10
-11
-9
-9
-10
-9
-7
-4
-6
-6
-7
-8
-12
-11
-9
-10
-11
-10
-8
-10
-11
-8
-6
-6
-7
-3
2
2
2
5
6
4
4
9
10
7
5
7
6
4
6
6
6
4
3
6
5
4
3
5
2
0
-2
-4
-5
-5
-4
-2
-2
-2
1
2
3
7
9
9
7
6
3
3
0
-3
-4
-3
-2
-3
-3
-4
-6
-6
-5
-6
-5
-4
-4
-2
-2
-4
-6
-7
-6
-7
-6
-3
-1
1
2
5
3
2
3
3
2
2
0
0
1
2
3
1
0
2
3
5
2
1
3
5
5
5
4
3
5
4
6
7
10
9
7
7
7
7
8
4
4
4
2
0
-2
-5
-5
-3
-1
-2
-2
-2
-4
-6
-7
-6
-4
-2
-2
-6
-11
-10
-13
-12
-10
-7
-4
0
3
3
2
3
5
3
3
2
2
3
4
4
3
2
2
4
1
-1
1
4
7
8
8
6
4
6
6
7
5
1
1
2
1
0
-2
-4
-1
-4
-4
-5
-6
-3
-1
-3
-4
-4
-6
-9
-9
-9
-9
-5
-2
0
-4
-7
-12
-14
-14
-14
-12
-10
-9
-7
-9
-11
-13
-11
-7
-6
-5
-4
-4
-1
1
0
0
-1
-1
1
2
3
4
5
5
6
10
10
11
13
16
21
17
12
11
12
12
10
8
9
6
4
6
8
10
9
7
8
7
8
7
8
11
12
11
7
3
1
2
1
2
2
3
3
2
2
0
2
3
6
10
9
7
7
4
-6
-9
-7
-10
-13
-11
-12
-14
-14
-12
-13
-16
-18
-16
-12
-9
-7
-9
-4
-7
-4
-6
-7
6
-15
-19
-22
0
-24
-32
-3
-17
-9
-8
-8
-19
9
14
-20
-5
24
18
10
14
27
18
17
2
-15
9
11
-5
-24
6
31
-7
5
0
10
25
0
0
-7
16
2
-14
-6
5
16
-7
-18
2
-11
7
-6
-11
-3
5
13
-16
-2
9
1
-9
-11
-6
7
5
9
-5
2
20
13
4
10
16
17
7
-3
2
8
15
1
-4
3
8
8
-5
0
4
1
-4
-7
4
8
7
5
1
18
18
0
-1
2
6
0
-6
3
4
4
-2
-14
-11
-5
-9
-14
-13
-9
-10
-17
-6
0
0
-3
3
-2
-9
0
-2
-6
-4
-2
-2
-5
3
2
0
2
-2
-1
-7
3
0
-8
2
-3
-6
-4
-5
-12
-12
-10
-15
-14
-14
-11
-13
-2
-3
2
4
3
4
-3
0
2
4
8
8
10
5
6
4
2
5
3
4
8
10
10
10
7
11
9
3
-3
0
-1
0
1
-3
3
4
6
5
5
6
1
3
2
4
2
3
5
4
3
0
0
5
6
5
0
-2
-3
-4
-4
-6
-6
-1
-4
-11
-14
-9
-8
-10
-7
-7
-5
-3
-1
-2
2
1
-3
0
2
-2
-9
-9
-10
-8
-7
-6
-2
2
6
6
7
8
7
8
