0
0
0
0
0
0
0
-1
-1
-1
0
0
0
0
1
0
0
0
1
0
1
1
0
1
1
2
1
1
0
1
1
0
0
0
0
0
0
0
0
0
0
0
0
0
0
1
-1
0
-1
-1
-1
-1
-1
-1
-2
-1
-2
-1
-1
-1
-1
-1
-1
0
0
-1
-1
-1
0
-1
-1
-1
0
0
0
0
0
0
1
1
0
1
1
2
1
1
1
0
0
0
1
1
1
1
1
1
1
0
1
1
2
0
0
1
1
1
0
1
0
0
0
-1
0
0
-1
0
-1
-1
-1
-1
-1
-1
-1
-1
-1
-1
0
-1
0
0
0
0
0
1
1
1
1
0
0
0
1
1
0
-1
1
0
-1
0
0
-1
0
0
0
0
0
0
0
0
0
1
-1
0
-1
0
0
-1
0
-1
-1
0
-1
-1
-1
-1
-1
-1
0
0
-1
-1
0
-1
-1
-1
-1
-1
0
-1
-1
-1
0
1
0
0
0
0
0
0
1
1
1
1
0
0
0
1
1
1
1
1
1
1
1
1
2
1
0
0
1
0
1
0
0
0
0
0
1
0
0
0
-1
-1
1
0
0
0
-1
0
0
-2
-1
-2
-1
0
-1
-1
-1
0
-1
0
-1
-1
-1
0
-1
0
-1
-1
0
0
0
0
0
0
0
0
0
0
0
0
0
0
0
0
1
0
0
0
0
0
1
0
0
1
0
0
1
1
0
1
0
0
0
0
1
1
0
0
0
0
1
1
0
0
0
-1
-1
0
1
0
-1
0
0
0
0
-1
0
0
0
0
0
-1
-1
-1
0
0
-1
1
0
1
0
0
-1
0
0
-1
0
-1
-1
0
0
0
0
-1
0
0
-1
0
0
0
0
0
0
1
0
0
1
1
1
1
1
0
0
-1
0
0
0
0
0
0
-1
0
0
0
0
0
1
-1
0
0
-1
0
0
0
0
0
0
0
0
0
-1
1
-1
0
0
-1
0
-1
0
0
-1
0
0
0
0
0
-1
1
1
0
0
1
0
0
0
0
0
0
1
0
0
0
0
0
0
-1
0
-1
-1
0
0
1
0
0
1
0
0
0
0
0
0
0
-1
0
-1
0
-1
-1
0
0
1
0
-1
0
0
1
1
1
0
1
1
0
0
1
0
0
0
0
0
0
1
0
0
0
1
0
1
1
1
1
0
1
1
0
1
0
0
0
0
-1
-1
0
-1
-2
-1
-1
-1
-1
-1
0
0
0
-1
0
-1
0
-1
0
0
0
1
1
1
0
0
1
1
1
1
1
0
0
-1
0
0
0
-1
0
0
1
1
0
0
0
1
0
1
1
0
0
0
0
0
0
0
0
0
0
0
0
0
1
1
1
0
-1
0
0
0
-1
0
-2
0
-1
-1
-1
0
-1
0
-1
-1
0
0
0
0
0
0
0
0
1
0
0
0
0
1
1
1
0
1
0
1
0
-1
0
0
1
0
0
1
0
0
0
0
-1
1
0
1
0
0
0
0
0
-1
0
-1
0
0
0
0
1
0
0
1
0
-1
0
0
0
0
0
0
-1
1
1
-1
0
0
0
0
0
0
0
0
0
0
-1
-1
0
0
0
0
-1
0
0
0
0
0
0
-1
-1
0
0
0
0
-1
0
0
1
-1
0
0
-1
0
0
0
1
0
0
1
0
1
0
1
1
0
1
0
0
0
-1
-1
0
0
0
0
1
0
0
0
0
0
0
1
0
-1
0
0
0
0
0
1
0
0
0
0
0
0
0
0
0
0
1
0
0
0
0
0
0
0
0
0
0
0
0
0
-1
-1
0
0
-1
0
0
0
-1
0
0
-1
0
0
0
0
0
0
0
0
0
0
0
0
0
0
0
0
0
-1
0
0
1
0
0
-1
1
0
0
0
0
0
0
0
0
0
0
-1
1
0
0
-1
0
0
0
1
0
-1
0
0
0
0
0
0
0
1
-1
0
-1
0
-1
-1
0
0
0
1
0
0
0
0
0
1
0
-1
-1
0
0
0
0
0
0
0
-1
0
-1
0
1
0
0
0
0
1
0
0
0
0
0
-1
-1
0
0
0
0
-1
0
1
0
1
0
0
0
0
-1
0
0
0
-1
0
0
0
0
0
0
0
0
-1
0
0
0
1
0
1
0
-1
0
1
0
0
-1
0
0
0
0
0
0
1
0
1
0
0
0
0
0
1
0
1
0
0
0
1
0
0
0
0
0
-1
0
0
0
0
0
0
0
0
0
-1
0
0
0
0
0
0
0
0
0
0
1
0
1
0
0
1
0
0
1
0
0
1
0
0
1
0
0
0
0
0
0
0
0
0
0
0
1
0
0
-1
0
0
-1
0
-1
0
0
1
1
0
0
0
-1
0
0
0
0
0
0
1
0
0
-1
0
0
0
0
-1
0
1
0
0
0
0
0
-1
0
0
0
0
0
0
0
1
0
0
0
0
0
-1
0
0
0
0
0
1
0
0
0
0
0
0
0
1
0
-1
0
-1
1
0
0
0
0
-1
0
-1
0
0
0
0
-1
1
0
0
0
1
0
-1
0
1
1
0
-1
0
0
0
0
0
0
0
0
-1
0
0
0
0
1
-1
0
0
-1
0
0
0
0
0
1
1
0
0
0
-1
-1
0
0
0
1
0
0
0
0
0
0
1
0
0
-1
0
0
1
0
0
0
0
0
1
0
0
-1
0
0
0
0
0
0
0
0
1
0
0
0
0
0
0
0
0
1
0
0
0
0
0
0
-1
0
0
0
0
1
0
0
1
0
0
0
1
-1
0
-1
0
0
0
1
0
0
0
0
0
0
1
0
0
0
0
0
0
0
0
0
-1
0
0
0
1
0
0
0
1
0
0
0
0
0
0
0
0
0
0
1
0
1
0
-1
0
0
-1
0
0
0
-1
0
0
0
-1
0
-1
1
-1
1
0
0
0
0
0
1
0
1
0
0
0
0
0
0
0
0
0
0
0
1
0
0
-1
0
0
0
0
0
0
0
0
0
0
-1
0
0
1
0
0
-1
0
0
0
0
0
0
0
0
-1
0
1
0
0
0
0
1
0
0
0
0
0
-1
0
0
-1
0
0
0
0
0
0
0
0
0
0
0
1
1
1
1
0
0
-1
1
0
0
0
0
0
0
0
0
0
0
0
0
1
0
0
1
0
1
0
0
1
0
0
0
0
1
0
0
-1
0
0
1
1
0
0
-1
0
-1
-1
0
0
0
1
1
0
-1
0
1
0
0
0
0
1
0
1
-1
0
1
0
0
0
-1
0
0
0
1
0
-1
0
-1
-1
0
0
1
0
0
0
1
1
0
0
1
1
-1
0
-1
0
0
0
1
0
0
0
0
-1
0
0
-1
0
0
-1
-1
1
0
0
0
0
-1
0
1
0
0
0
-1
1
0
1
0
1
-1
0
0
0
-1
0
0
0
0
0
0
0
0
0
0
0
0
0
0
0
0
0
1
0
0
0
0
1
0
0
0
0
0
0
0
0
0
0
0
0
0
0
0
0
0
0
0
0
1
0
0
0
0
-1
0
0
1
0
0
0
0
0
-1
0
0
0
0
0
0
-1
0
0
-1
0
0
0
-1
0
0
0
0
-1
0
0
0
0
0
0
0
0
0
0
0
0
0
0
0
-1
0
0
0
-1
0
-1
0
-1
0
0
0
0
1
0
0
0
0
-1
1
0
0
0
0
0
1
0
0
0
0
0
0
1
0
0
0
0
-1
0
-1
0
0
0
0
0
0
0
0
0
0
0
0
0
0
0
0
0
1
0
1
1
0
1
0
0
0
0
0
1
0
1
0
0
0
1
0
0
-1
0
0
1
0
-1
0
0
0
0
-1
-1
1
0
0
1
0
0
1
0
0
0
-1
1
0
0
0
0
0
0
-1
-1
-1
0
0
-1
-1
-1
-1
-1
0
0
0
-1
-1
0
0
0
0
0
1
4
5
1
1
2
4
7
8
6
3
2
5
7
8
5
5
4
3
2
3
3
1
1
-1
-2
-1
0
0
-2
-2
-2
-1
0
0
0
0
0
1
1
2
1
1
0
0
-1
-1
-1
-1
-1
-1
-1
-1
-1
0
0
2
5
8
11
11
11
11
14
21
27
27
22
20
19
23
25
23
17
12
8
5
-4
-13
-14
-8
-12
-25
-35
-42
-40
-25
-17
-24
-36
-34
-22
-9
2
10
13
10
15
26
37
50
62
61
55
56
62
65
72
73
67
59
51
47
43
44
45
37
26
16
7
6
14
12
0
-4
-3
-3
0
-33
-98
-87
-31
-22
-44
-71
-113
-133
-106
-54
-40
-84
-117
-104
-83
-73
-57
-40
-41
-52
-48
-33
-24
-14
0
23
49
46
20
19
44
75
114
137
112
63
62
129
182
176
155
151
141
129
137
169
180
154
123
86
41
17
14
14
0
-65
-155
-213
-250
-272
-259
-235
-283
-401
-489
-468
-386
-317
-305
-350
-371
-332
-255
-176
-124
-72
38
162
165
95
143
285
404
485
451
288
196
278
393
381
247
100
-15
-101
-114
-89
-139
-252
-368
-506
-626
-616
-553
-571
-634
-688
-761
-780
-714
-628
-575
-532
-486
-500
-511
-438
-315
-207
-112
-91
-172
-155
-31
26
13
16
-17
396
1212
1108
391
282
580
961
1555
1880
1505
784
585
1271
1821
1639
1338
1185
939
675
717
943
885
586
385
162
-166
-369
-481
-495
-410
-500
-760
-999
-1261
-1381
-1099
-689
-608
-882
-1179
-1176
-802
-297
-44
-106
-176
-99
154
579
740
613
818
1092
985
927
922
771
775
900
837
522
132
-54
-128
-236
-294
-441
-736
-991
-1091
-1161
-1195
-1129
-1183
-1410
-1439
-1266
-1159
-1082
-1032
-1066
-1017
-796
-590
-507
-531
-486
-308
-126
-18
-29
-90
-28
143
236
137
-12
-120
-25
1006
1980
1316
394
388
596
1081
2056
2510
1786
633
510
1401
1820
1662
1520
1152
554
255
445
672
459
79
-66
-217
-495
-857
-1203
-1185
-906
-748
-733
-973
-1515
-1761
-1309
-578
-210
-388
-741
-841
-540
54
496
508
533
837
970
927
1028
1030
977
1363
1767
1416
683
365
388
360
433
456
-106
-885
-1110
-964
-967
-939
-918
-1297
-1708
-1697
-1497
-1352
-1211
-1150
-1178
-1076
-875
-869
-937
-797
-553
-260
27
-9
-350
-492
-229
148
309
287
53
-271
-379
-339
-392
-238
1121
2203
1308
287
181
208
866
2382
3129
2213
727
511
1303
1532
1719
1982
1535
750
182
99
277
206
-40
-216
-432
-743
-1151
-1477
-1480
-1381
-1147
-700
-679
-1299
-1818
-1628
-823
-8
288
59
-284
-250
209
739
974
1102
1392
1468
1333
1246
926
804
1394
1799
1419
701
75
-328
-437
-172
-23
-483
-1077
-1383
-1579
-1680
-1482
-1217
-1223
-1393
-1461
-1355
-1148
-913
-758
-659
-498
-306
-243
-315
-467
-538
-246
128
192
-132
-539
-651
-459
-156
-106
-418
-849
-1067
-1173
-1042
516
2144
1551
739
772
409
713
2260
3473
3046
1686
1379
1860
1945
2001
1966
1616
1121
474
154
85
-387
-885
-974
-895
-1015
-1492
-1944
-2207
-2358
-2037
-1325
-874
-951
-1289
-1349
-841
-64
575
810
719
740
1070
1483
1669
1678
1758
1842
1811
1658
1212
612
417
639
700
285
-210
-676
-1279
-1462
-1200
-1181
-1386
-1430
-1394
-1547
-1571
-1204
-955
-891
-718
-516
-335
-151
-13
10
25
142
194
188
-21
-417
-544
-507
-483
-539
-926
-1266
-1298
-1261
-1234
-1296
-1519
-1765
-1907
-1746
80
2369
2169
1544
1884
1401
1307
2837
4391
4068
2787
2808
3045
2524
2233
1790
1062
551
-46
-407
-495
-1090
-1908
-2378
-2438
-2368
-2464
-2441
-2392
-2519
-2205
-1386
-662
-369
-379
-187
387
1202
1944
2112
1867
1815
2045
2367
2431
2036
1564
1329
1157
850
364
-308
-894
-1037
-924
-1015
-1250
-1445
-1751
-1927
-1732
-1513
-1289
-923
-581
-489
-472
-248
-36
41
126
253
412
543
613
450
38
-276
-400
-449
-667
-983
-1289
-1549
-1544
-1634
-1878
-2013
-2089
-1923
-1690
-1622
-1738
-1748
-1696
-724
2250
3837
3144
3492
3623
2488
2540
4063
4687
3835
3671
3963
2900
1396
420
-364
-826
-1247
-1718
-1738
-1790
-2276
-2918
-3447
-3681
-3594
-2777
-1409
-661
-504
-163
238
573
967
1404
1944
2544
3094
3317
2931
2269
1721
1429
1232
760
395
288
-98
-719
-1345
-2028
-2471
-2324
-1863
-1619
-1611
-1430
-1159
-1005
-755
-593
-484
-23
720
1237
1088
768
577
346
272
297
229
56
-71
-211
-631
-1177
-1605
-1792
-1845
-1939
-2016
-2081
-2086
-2048
-1976
-1862
-1889
-1711
-1303
-1128
-1067
-709
1513
4269
4450
4437
4896
3476
2346
3433
4570
3960
3197
3330
2634
1034
-167
-1182
-2048
-2557
-2956
-2759
-2230
-2179
-2390
-2772
-3169
-3224
-2586
-983
518
1118
1554
1907
1985
2197
2382
2274
2246
2617
3006
2899
2267
1273
222
-548
-1016
-1258
-1338
-1459
-1603
-1685
-1960
-2310
-2311
-2000
-1522
-962
-408
43
368
648
708
578
517
687
1112
1262
1006
636
81
-433
-687
-821
-1065
-1339
-1329
-1292
-1498
-1721
-2049
-2469
-2573
-2465
-2273
-1907
-1497
-1175
-1058
-1050
-1041
-1122
-939
-440
1322
4379
5387
5138
5733
4575
2398
2414
3462
3257
2740
3038
2612
945
-524
-1675
-2845
-3566
-3803
-3387
-2394
-1605
-1328
-1570
-2098
-2500
-2245
-872
849
2019
2884
3327
3143
2908
2572
1932
1484
1481
1791
2009
1707
808
-372
-1463
-2360
-2817
-2634
-2272
-1942
-1382
-1041
-1232
-1412
-1250
-922
-414
372
1153
1687
1932
1864
1400
643
132
194
315
211
121
-300
-1007
-1462
-1759
-2094
-2344
-2275
-1945
-1682
-1539
-1600
-2005
-2400
-2403
-2147
-1851
-1249
-559
-450
-364
-294
-747
-886
-532
1505
4768
5582
5577
6224
4514
2202
2328
2904
2194
1812
2459
2353
995
-424
-1785
-3210
-4161
-4288
-3475
-2223
-1100
-472
-606
-1052
-1626
-1709
-468
1005
2114
3266
3801
3772
3555
2713
1573
644
287
708
1167
1185
614
-527
-1629
-2607
-3255
-3129
-2781
-2161
-1019
-302
-224
-279
-468
-593
-320
283
931
1481
1958
2044
1502
617
-163
-533
-707
-734
-610
-782
-1110
-1374
-1707
-2136
-2587
-2636
-2336
-1965
-1549
-1488
-1806
-2102
-2263
-2187
-1791
-1295
-789
-350
-200
-204
-386
303
3189
5261
5294
6198
6080
3755
3057
3903
3250
1880
1689
1833
1244
313
-719
-2143
-3691
-4568
-4421
-3561
-2435
-1423
-827
-617
-862
-1213
-697
334
1225
2365
3311
3665
3965
3811
2798
1545
628
395
629
925
812
-24
-1082
-2003
-2689
-3032
-3157
-2916
-2157
-1187
-461
-152
-145
-310
-349
15
598
1081
1454
1775
1708
1097
353
-204
-561
-831
-850
-746
-986
-1341
-1452
-1733
-2374
-2728
-2676
-2574
-2328
-2036
-2060
-2341
-2405
-2084
-1895
-1677
-1129
-975
-811
-314
1233
4379
5778
5775
6750
5835
3604
3734
4601
3781
2794
2647
2217
1116
-90
-1238
-2697
-4064
-4617
-4256
-3385
-2457
-1798
-1565
-1450
-1591
-1541
-553
496
1419
2578
3294
3715
4002
3593
2776
1914
1384
1486
1568
1358
745
-309
-1283
-1965
-2451
-2891
-3040
-2718
-2202
-1580
-1187
-1236
-1347
-1214
-750
-67
569
993
1250
1367
1228
825
377
145
-66
-296
-273
-390
-779
-1117
-1470
-1979
-2459
-2660
-2727
-2724
-2657
-2721
-2817
-2737
-2587
-2379
-1998
-1859
-1616
-1095
367
3768
5728
5825
6909
6309
4101
4242
5153
4424
3745
3787
3422
2361
966
-504
-2305
-3949
-4624
-4392
-3708
-2898
-2352
-2313
-2378
-2590
-2504
-1533
-508
576
1937
2899
3707
4230
3795
3004
2391
2133
2474
2780
2634
1942
721
-295
-1078
-2017
-2830
-3232
-3047
-2535
-2030
-1756
-2025
-2409
-2403
-1955
-1177
-377
311
943
1345
1284
958
540
251
225
269
480
505
194
-158
-746
-1527
-2195
-2531
-2612
-2663
-2584
-2622
-2935
-3082
-3018
-3110
-3080
-2718
-2230
-1722
-593
2345
4687
5028
6145
6403
4536
4212
5410
5351
4746
4781
4526
3494
2145
878
-759
-2686
-3729
-3778
-3498
-3050
-2624
-2702
-3014
-3221
-3201
-2576
-1778
-872
415
1610
2684
3363
3378
3086
2615
2526
2972
3251
3248
2843
2037
1286
363
-687
-1482
-2206
-2551
-2342
-2168
-2358
-2711
-2952
-3055
-2859
-2235
-1574
-1053
-489
45
351
373
276
302
383
455
720
883
714
418
-39
-600
-1196
-1680
-1855
-2103
-2412
-2493
-2670
-2904
-3007
-3079
-3239
-3235
-2865
-2574
-1018
1958
3434
4242
5607
5056
3624
4248
5231
4892
4881
5518
5353
4321
3400
2202
89
-1727
-2374
-2514
-2521
-2189
-2053
-2528
-3109
-3554
-3683
-3444
-2923
-1914
-729
439
1530
2037
2028
1892
1823
2136
2715
3256
3554
3414
3176
2712
1685
613
-272
-908
-1055
-976
-1103
-1588
-2293
-2913
-3263
-3371
-3195
-2702
-2119
-1558
-978
-637
-701
-793
-594
-360
-101
439
856
876
723
459
-35
-642
-988
-1151
-1363
-1434
-1419
-1720
-2178
-2435
-2787
-3136
-3063
-2926
-2816
-1456
814
1991
2985
4039
3424
2643
3402
4198
4194
4610
5265
5083
4451
3943
3013
1332
-18
-592
-978
-1155
-990
-1049
-1631
-2317
-2960
-3354
-3362
-3067
-2426
-1740
-1016
-318
88
372
447
571
1048
1611
2206
2822
3135
3043
2780
2289
1628
1143
893
700
443
95
-407
-1023
-1629
-2164
-2585
-2779
-2629
-2276
-1950
-1736
-1683
-1729
-1659
-1391
-1147
-897
-449
-68
219
430
322
-2
-283
-414
-498
-518
-483
-587
-750
-979
-1356
-1590
-1784
-2009
-1997
-2046
-2022
-1124
282
1138
1844
2503
2271
2027
2576
3030
3134
3466
4023
4208
3795
3322
2686
1466
576
374
44
-301
-296
-336
-730
-1258
-1651
-2052
-2450
-2486
-2114
-1687
-1312
-807
-504
-525
-481
-216
90
379
892
1362
1673
1968
2025
1803
1441
1187
1106
1029
857
600
292
-90
-503
-946
-1377
-1701
-1748
-1603
-1540
-1513
-1581
-1684
-1642
-1548
-1464
-1348
-1108
-797
-521
-386
-352
-409
-596
-545
-400
-460
-376
-247
-348
-452
-517
-635
-758
-811
-812
-885
-958
-811
-454
48
618
1140
1643
1902
1949
2139
2214
2089
2170
2391
2455
2517
2612
2346
1725
1150
735
324
82
122
81
-70
-107
-214
-566
-998
-1250
-1329
-1253
-912
-595
-489
-389
-289
-257
-234
-191
-108
93
368
709
861
744
673
520
350
293
228
114
3
-28
-145
-386
-615
-804
-957
-992
-945
-936
-966
-1070
-1099
-1065
-1112
-1122
-1047
-1012
-982
-829
-742
-773
-786
-687
-593
-589
-487
-412
-403
-337
-270
-257
-298
-369
-376
-405
-461
-368
-262
-74
244
598
979
1216
1396
1571
1602
1545
1611
1736
1773
1875
2008
1957
1677
1436
1201
844
663
575
478
457
417
331
178
-70
-363
-465
-449
-527
-483
-340
-434
-506
-377
-489
-596
-469
-424
-336
-154
-85
-107
-73
-69
-102
-95
-104
-109
-97
-63
-73
-125
-186
-280
-342
-376
-450
-527
-584
-665
-700
-715
-724
-720
-737
-730
-739
-805
-868
-796
-674
-645
-573
-474
-507
-529
-401
-363
-375
-254
-223
-222
-112
-51
-112
-174
-206
-211
-83
150
296
434
688
722
763
997
995
955
1112
1299
1323
1341
1477
1383
1187
1146
1098
969
905
906
876
788
667
577
409
213
119
61
-41
-111
-155
-317
-374
-436
-539
-525
-578
-606
-561
-487
-460
-468
-462
-484
-482
-444
-414
-369
-295
-268
-196
-121
-119
-125
-212
-247
-202
-202
-210
-203
-245
-338
-410
-456
-547
-608
-614
-661
-624
-536
-535
-522
-551
-543
-432
-411
-352
-251
-237
-216
-172
-127
-56
-16
39
79
117
155
34
-34
-56
-66
-3
80
221
346
386
340
378
444
436
542
701
772
872
1007
1024
986
953
898
845
840
884
896
851
787
663
502
362
252
204
156
127
117
1
-85
-157
-291
-335
-372
-436
-395
-369
-421
-465
-495
-495
-449
-402
-351
-275
-227
-174
-137
-107
-107
-219
-224
-137
-215
-251
-211
-315
-406
-413
-415
-504
-573
-465
-418
-492
-490
-412
-445
-468
-360
-288
-247
-173
-114
-126
-153
-153
-152
-187
-169
-64
-29
-47
11
-35
-67
33
-48
-91
64
9
-43
96
107
132
163
90
180
298
334
452
502
486
493
492
531
580
575
583
578
545
545
522
485
438
369
342
329
314
290
324
320
220
204
205
138
109
166
156
110
126
105
42
28
28
-70
-101
-111
-136
-109
-124
-181
-300
-304
-372
-430
-323
-380
-466
-371
-320
-380
-348
-333
-378
-383
-289
-283
-303
-163
-205
-197
-172
-241
-219
-254
-256
-224
-179
-153
-171
-237
-271
-324
-117
-104
-300
4
-136
-300
-40
-77
-227
-113
-9
13
42
21
91
20
-15
215
192
69
330
309
93
197
261
121
67
149
104
148
146
35
198
274
105
217
244
44
191
173
154
329
221
260
386
310
311
375
349
403
408
365
353
263
294
294
87
101
84
-31
65
23
-47
-91
-105
-161
-119
-49
-222
-145
10
-100
-193
-132
-126
-173
-140
-126
-112
-168
-185
13
-74
-208
-63
-234
-216
-174
-247
-237
-284
-121
-244
-286
-220
-329
-269
-198
-238
-80
-224
-238
78
-305
-95
81
-382
13
42
-312
77
83
-202
-1
-8
-163
-94
47
51
-124
-15
27
-45
46
25
6
-38
93
44
-43
280
236
175
239
257
293
140
179
348
231
140
240
182
197
218
40
88
100
-82
66
145
-77
48
96
2
128
14
-21
65
96
145
107
141
144
117
180
189
62
118
37
-34
268
41
-60
185
-34
76
94
-166
9
-112
-99
116
-82
-114
-40
-198
-126
-90
-144
38
-85
-111
15
-161
-145
-86
-246
-104
-71
-76
-89
-280
-186
-9
-190
-370
-95
-179
-259
-120
-10
-169
-326
14
-112
-208
-55
-39
48
-60
47
144
-182
130
179
-161
269
58
-44
300
-62
36
40
-165
44
117
17
-119
-51
-58
-30
41
-76
-182
31
33
-199
312
18
-254
448
16
-210
208
141
135
326
224
58
129
65
174
356
40
-85
193
231
-37
50
215
-36
-98
155
200
-68
-84
208
69
-189
122
148
-86
-11
259
-104
-198
297
-130
-109
138
-189
6
60
-158
135
80
-175
-68
-36
0
-78
-43
34
-73
-30
119
-71
-92
109
-91
120
81
-237
67
-110
-80
31
-68
-16
-150
0
-16
-290
-40
-72
-304
12
-234
-91
-161
-185
105
-346
48
151
-101
-10
21
-51
33
163
-150
49
41
-121
182
81
18
-13
-117
83
-47
-55
123
-63
-89
106
16
38
69
-159
123
143
-141
258
190
-102
129
22
-131
-57
115
122
-69
32
154
92
147
8
97
68
-190
51
76
-37
-113
42
-45
-39
106
-40
271
-6
28
280
-174
59
359
-205
28
460
-277
163
408
-435
-110
62
-137
-139
-114
-118
-256
122
101
-307
-47
91
-233
-31
-54
-197
128
-144
-14
130
-154
163
-213
-64
411
-160
115
88
-227
237
14
-248
58
221
-190
-173
289
-105
-215
81
-61
-255
57
269
-155
-24
125
-133
-149
238
199
-407
164
244
-419
181
448
-503
109
406
-501
282
262
-395
182
151
-261
36
15
279
181
-126
346
-38
-191
268
6
-82
180
-29
151
150
-90
-2
66
137
-90
-64
-64
-14
-106
-159
128
-83
-243
126
127
-221
-64
19
-264
-79
182
-266
-46
16
-34
237
-50
13
-78
-59
74
81
-2
-129
-12
88
-92
-189
68
-206
-7
185
-238
106
47
-352
119
116
-299
61
-97
-151
-60
-289
62
-30
-144
167
113
69
-10
-215
201
67
-72
293
110
-159
-15
225
-1
12
34
0
128
94
192
115
-140
128
176
-133
215
264
-79
178
155
-164
134
43
-60
18
-88
94
67
187
56
-67
-22
-158
-100
14
220
20
-99
122
13
-139
-52
-150
-84
186
-9
-25
-39
2
108
54
-85
56
-95
-184
378
-157
-277
258
-92
-429
46
114
-204
-119
81
143
-240
-250
152
-47
-186
70
-108
-7
-8
5
-47
-193
-141
-99
166
-197
-57
268
-337
-13
332
-6
-37
-7
-9
-326
87
169
-62
274
-76
-160
227
-7
-187
216
62
90
216
-145
269
-14
-354
15
-80
223
-36
-37
284
-135
44
79
-205
33
210
-50
-38
369
32
-48
95
-73
252
98
-146
165
176
-417
134
254
-422
355
148
-213
70
38
124
-190
-209
173
-82
-45
301
-216
-6
176
-326
107
-23
-310
221
21
-11
227
-179
-197
-58
103
-48
-223
358
-91
-189
299
-407
-157
247
-360
157
369
-433
-202
169
-142
-111
45
118
-87
-152
244
-29
-98
-3
-154
14
61
142
-15
43
191
-134
74
-85
-127
141
-206
91
209
-263
-3
164
-176
50
62
-122
257
-206
-11
356
-199
-61
38
3
-105
93
232
-97
14
81
-85
222
72
-96
256
-75
-69
238
-75
42
52
-268
82
121
-66
189
-94
-111
-5
-42
48
-33
35
1
-16
-12
158
-86
-100
185
68
-125
-248
140
-10
-259
188
155
-100
-80
141
-62
-85
-33
-18
-181
-50
204
-141
-7
1
-3
-193
77
169
-192
62
178
-67
-40
88
-104
-28
98
-76
-204
126
192
-61
109
-74
112
47
-216
76
-64
1
-114
-162
197
2
-203
289
-42
-126
296
-291
258
-6
-347
391
-168
-79
243
128
-65
112
37
7
-19
-253
211
37
-157
46
1
-20
63
73
-174
2
-24
-25
72
-144
203
-205
-186
228
-81
-186
49
-181
-34
267
-294
346
206
-418
254
-89
-142
238
-83
43
314
-111
-89
224
-250
-115
77
-208
201
-58
-222
391
-175
-162
405
-134
-238
69
98
-115
133
185
-33
113
-274
87
-14
-70
198
-99
213
-169
-216
381
-267
-129
394
-413
-157
303
-127
268
113
-162
311
-102
-295
184
26
-194
166
89
52
12
-94
-28
12
-120
-340
398
89
-334
548
9
-220
156
-73
81
-10
-32
-40
-143
2
-83
-4
140
-4
-70
30
44
-243
61
8
-379
262
-194
-42
390
-197
257
14
-374
131
251
-173
148
136
-169
118
-240
166
134
-549
209
179
-419
53
197
-90
14
-131
128
17
-533
353
117
-385
220
-165
-190
22
-348
382
137
-392
565
-73
-127
256
-100
383
-10
-158
266
-239
-150
203
-144
-64
36
-27
171
-37
-90
135
-168
-128
301
116
-386
262
192
-225
182
12
-29
70
-95
47
397
-337
-92
317
-225
107
194
-245
-40
139
-303
301
79
-555
610
10
-492
611
-61
-238
520
-80
-190
225
-294
-77
191
-78
180
-10
20
148
36
82
69
-321
-144
266
-472
-76
182
-359
166
45
-405
107
-53
-174
289
-245
-116
175
-261
135
92
-204
89
33
-54
254
23
-217
127
113
-303
-21
196
-383
159
300
-73
-46
-57
-112
-101
155
-274
-99
97
-122
-71
187
39
-338
256
135
-153
187
-53
84
105
-109
231
-80
-39
91
118
-56
-160
192
-180
-93
210
-92
-41
157
-102
196
197
-311
220
332
-380
231
143
-208
235
36
308
83
-148
6
-28
102
61
-62
4
67
-258
107
-120
-243
130
-225
96
-59
-120
8
-53
95
-104
85
107
-370
73
382
-347
117
272
-345
-28
21
-44
7
-29
-17
111
28
-80
113
-76
-206
53
27
-24
-31
96
-94
-326
62
-25
-110
69
-46
-28
147
13
152
108
-119
119
212
-78
147
96
-457
4
84
-349
-70
183
-323
50
475
-293
27
286
-145
13
208
127
54
111
-20
161
181
50
42
-142
224
22
-232
183
-281
-84
152
-378
170
-38
-293
147
-137
-131
-13
78
-184
-119
337
-136
-211
415
125
-169
114
121
173
-83
78
167
-312
160
120
-261
209
-114
-232
83
-101
-164
13
-34
-52
-51
-101
-28
-213
95
133
-192
122
129
-102
125
159
-278
-72
431
-175
13
468
-215
-11
232
-366
-132
161
-369
53
108
-372
114
-21
-242
129
16
-42
75
30
296
23
74
336
-211
53
448
-112
-1
334
-135
-40
125
-12
-26
-157
42
0
-306
-27
-53
-165
37
155
-22
23
149
-172
-44
-28
-108
245
53
-269
297
166
-303
213
59
-167
113
244
-69
-149
313
-207
-216
329
-130
-437
-75
101
-165
-75
218
-198
-226
265
-205
-95
60
-171
305
-191
35
365
-457
156
238
-264
257
-7
-135
247
-127
-136
22
-309
-171
108
-116
77
82
-192
222
-8
-33
175
-171
223
257
-129
163
173
46
205
-121
-24
238
-305
138
575
-285
-91
196
-392
-49
113
-395
100
82
-59
257
-161
127
-41
-296
260
-33
-282
260
195
-14
218
-31
41
63
-147
192
21
-147
150
65
-165
-65
-71
-210
-67
-43
69
9
-80
120
-5
-70
-44
-261
-151
130
-106
-99
139
-126
18
-55
-215
106
-74
-204
186
-12
-93
224
-325
35
160
-368
221
114
-284
166
64
3
55
20
282
-225
78
280
-212
287
30
-35
328
-79
-145
124
19
-65
46
-25
-99
-56
44
-133
73
77
-31
106
-110
159
133
-122
95
158
-137
-114
243
-100
-145
267
-13
-262
268
-1
-211
362
-180
-195
258
-191
84
260
-217
74
249
-142
-2
91
-272
51
-8
-139
-28
-67
1
-89
93
62
-67
152
-13
-110
197
-67
45
43
-107
246
-251
-249
279
-201
-254
237
-211
-157
87
-315
207
45
-352
250
41
-144
191
-2
-63
114
-19
-179
61
-131
-237
232
-96
-98
60
-84
62
-4
-13
-113
61
31
-71
233
117
-103
159
293
-34
-14
-69
-46
27
-86
2
69
-168
-26
196
-109
83
83
-107
156
6
16
295
-73
82
104
-228
166
112
-167
123
164
-98
93
103
-54
34
42
-116
-18
28
-7
52
-23
49
-176
-11
34
-252
84
-7
-175
32
82
6
-155
-85
111
-93
-116
192
-178
-30
193
-35
110
-130
-4
66
-132
144
46
-78
-34
-129
262
-35
-184
215
-190
-149
180
-178
-179
265
-31
-213
168
0
-319
106
231
-167
-57
157
6
-153
27
132
-162
-186
228
53
-167
206
58
-153
72
88
-79
30
50
52
47
91
23
81
22
-84
128
-100
27
144
-66
21
147
89
-57
32
-90
-209
52
-121
42
123
-59
-77
-56
101
-36
-201
-86
190
-48
-320
326
140
-271
206
21
-102
103
-41
-19
141
-13
105
-50
-143
101
-201
-59
98
-128
68
6
-83
47
-13
17
-28
-109
106
67
-12
272
-41
-181
235
-154
-195
106
-114
-146
15
83
-145
34
110
-169
155
151
-233
37
336
-159
-107
355
-223
-25
164
-36
167
-126
70
212
-158
-12
115
-122
58
53
-84
87
-13
-95
-75
76
-39
-159
97
29
-94
-36
10
-91
-117
65
1
-41
71
-21
80
1
-84
202
48
-39
169
54
-61
88
91
-112
46
97
-155
-49
137
-82
-184
67
-37
-209
-84
68
-65
-137
95
21
-90
-46
113
-73
-180
259
23
-234
170
96
-207
90
94
-18
-12
-65
101
-25
-24
29
45
50
-41
51
108
-54
-34
59
-78
43
-87
24
153
-111
10
16
-47
23
-13
-66
18
29
-52
84
0
-52
70
-85
15
36
-66
86
-8
-136
89
106
-232
41
156
-200
43
142
-178
-3
152
-34
12
-16
-11
162
88
-13
71
86
16
-95
70
52
-95
-37
35
104
68
3
19
66
-13
45
94
-198
33
109
-145
250
-51
-110
160
-153
-13
151
-161
-9
92
-175
74
4
-281
45
-76
-318
150
-34
-181
68
-154
12
-59
-132
166
-178
-178
165
-37
-103
20
-14
52
-94
-21
133
-43
22
100
-1
-14
3
16
22
71
32
-137
115
74
-151
124
89
-70
100
96
-80
-47
18
-29
-14
74
56
-42
12
127
35
4
115
35
-68
89
161
104
-82
-33
227
-72
-45
54
-27
79
-93
21
81
-259
-124
142
-124
-152
124
-40
-55
78
27
72
-31
-72
23
-43
20
44
-110
52
106
-173
64
151
-159
67
39
-45
182
-118
-69
154
-123
-33
63
-32
-49
8
25
-115
107
104
-260
144
100
-290
171
61
-233
129
73
-113
92
97
-26
-13
45
5
-158
45
73
-204
-40
-37
-64
-29
-108
-145
-10
-46
-123
63
-38
-63
7
1
64
-102
-78
128
-11
-80
126
38
-64
148
10
-48
72
29
25
25
28
-2
-20
24
7
54
70
-52
44
212
-95
-50
251
-37
-59
153
54
-26
66
114
-32
40
187
-64
23
247
-187
-110
273
-163
-76
155
-165
-47
120
-91
-44
-52
-137
73
-3
-65
41
-75
31
98
-75
38
82
-132
-3
73
-65
2
-34
-101
-35
25
-140
-41
38
-240
1
43
-255
45
18
-159
-49
17
34
-83
-52
130
22
-179
140
112
-160
81
116
-103
98
163
-127
15
96
-36
-1
9
43
42
-68
30
109
-1
-6
106
140
-91
99
235
-60
48
184
-40
14
87
-86
69
84
-107
50
50
-100
72
13
-158
-16
-48
-159
-24
-77
-36
9
-115
72
73
-105
37
91
8
39
18
45
85
-110
16
182
-117
-17
59
-80
9
-28
-137
27
-10
-247
68
-76
-255
122
-40
-215
49
186
-65
-49
125
11
-77
-30
108
-52
-124
162
82
-110
47
29
-141
2
-23
-113
11
-42
-67
51
13
-92
33
5
-112
41
102
-11
101
152
24
121
89
-86
85
121
-86
90
98
-47
81
31
-86
-50
-33
21
-117
-49
193
-49
-124
129
60
-169
29
138
-17
22
64
78
86
84
4
-35
160
-28
-100
213
33
-157
69
144
-152
-102
153
-51
-102
99
-59
-111
88
-1
-65
-7
-2
14
-13
3
82
-50
-65
113
-35
-59
89
-36
-67
-8
-9
-67
-76
-5
-126
-7
70
-154
-67
53
-107
-104
-33
-93
-77
-49
-23
-14
-17
-35
-54
42
59
-35
29
33
19
49
-43
-8
64
-69
-99
87
42
-122
-26
31
10
19
-38
51
118
-87
-77
162
41
-90
33
103
49
32
74
65
53
12
57
90
3
29
75
-71
-28
35
-101
12
10
-51
7
-40
-35
15
-19
-61
14
48
-12
-17
137
36
-100
129
78
-76
82
94
-10
-10
27
8
-80
61
56
-88
40
41
-79
25
37
-101
-41
56
-23
-75
35
50
-93
-34
67
-67
20
96
-88
59
146
-68
14
109
-13
-55
12
31
-16
-69
-28
10
-35
-78
-89
-71
3
-82
-172
73
25
-170
53
96
-90
3
62
-38
24
62
17
36
32
46
24
-23
26
77
-84
-76
119
-91
-138
93
-61
-162
7
36
-123
-131
80
2
-121
44
11
-61
98
15
-66
91
38
-33
10
53
79
-71
-10
151
-10
-36
96
40
-14
37
83
32
-52
18
81
-44
-31
36
-17
5
9
33
53
-20
13
130
19
-13
139
35
-35
92
13
-17
77
-29
-47
13
-8
-7
-62
-32
29
-83
-63
34
-71
-49
25
-80
-89
-16
16
-74
-81
81
-16
-122
32
34
-86
-24
30
-32
-30
9
21
10
-28
-11
41
-22
-87
53
41
-101
20
29
-48
27
40
0
-3
68
97
-21
5
143
73
2
58
80
37
16
49
73
44
57
43
9
35
28
-7
-47
12
17
-22
37
-70
-92
87
-36
-178
46
61
-163
-55
63
-51
-109
-37
8
-86
-73
6
-26
-57
-50
-19
-16
-51
-36
-31
-47
-25
-14
-32
-71
-20
42
-54
-78
46
-15
-81
42
85
-30
-33
83
26
-28
56
19
-14
65
23
9
91
82
22
34
93
53
-24
39
78
-28
28
103
12
1
27
24
14
-22
6
30
-22
32
91
15
0
50
27
-39
-3
39
-43
-20
56
-35
-31
75
-36
-98
67
75
-59
-8
79
13
-4
28
-5
-13
12
-58
-51
52
-4
-95
-35
46
-56
-117
8
24
-92
-80
15
-11
-88
-56
13
-28
-74
-35
-39
-51
-24
-36
-3
12
-11
-1
-22
8
41
-44
-41
35
-35
-66
45
50
-23
18
47
0
-8
8
7
17
25
7
0
17
43
15
4
44
-6
-13
71
62
-6
-4
53
55
-17
-33
66
72
-42
-28
77
43
-76
-47
63
0
-71
51
103
21
23
60
-7
11
65
-22
-7
81
44
-28
-5
62
4
-72
-3
39
-54
-56
14
6
-33
-57
-19
-4
-62
-58
-13
-45
-78
-58
-8
-45
-93
-10
24
-40
-50
19
6
-71
-29
58
25
-43
22
83
12
-41
7
35
-15
-58
8
63
-2
-34
39
45
-10
7
13
13
15
3
13
37
60
30
9
38
39
-9
-24
16
10
-14
0
9
6
-9
-5
-3
-19
-25
-9
11
-2
8
24
15
0
0
30
28
-9
-8
37
9
-15
34
42
8
-12
20
0
-77
-67
-24
-28
-36
-10
17
-1
-30
-29
-36
-57
-53
-52
-29
4
3
11
20
-3
-5
0
-19
-17
1
18
22
33
52
55
30
5
12
5
-9
1
20
34
29
11
25
17
-2
11
-2
-25
-28
-38
-29
-1
10
30
36
26
20
4
-10
-27
-33
-15
6
8
2
2
-10
-14
-28
-38
-16
-6
3
24
42
57
46
49
42
15
13
-3
-25
-16
2
-10
-15
-7
-12
-9
-8
-12
-13
-17
-24
-12
-1
-4
3
3
-6
-17
-28
-35
-26
-13
3
15
14
15
10
17
20
8
2
-5
-17
-23
-17
-10
-10
-19
-14
-8
-20
-15
-10
-10
6
14
19
23
31
24
16
7
-9
-1
-4
-2
4
3
4
-2
2
5
8
12
9
14
24
13
-11
-23
-18
-25
-21
4
8
7
4
-2
-5
-9
-2
-5
3
8
6
14
10
7
9
0
7
8
-4
1
4
-11
-6
3
-1
3
0
2
-2
-6
5
3
6
1
-10
-4
-19
-13
-9
-27
-6
-1
-12
-7
-6
-16
-21
-10
-15
-16
2
-1
-4
10
12
10
10
7
9
19
32
45
47
39
30
18
4
7
18
15
10
10
1
-7
-9
-4
-4
8
15
10
8
-3
-16
-17
-23
-26
-14
-2
-2
-4
-4
-1
-3
-14
-14
-12
-13
-9
-4
-7
-7
1
-3
-8
-3
-2
2
-2
2
-1
-9
1
-3
-5
3
-2
3
6
1
3
-2
-19
-24
-23
-26
-20
-21
-13
-10
-15
-10
-19
-23
-22
-26
-17
-12
-12
-3
3
11
13
10
8
9
4
-1
9
8
3
11
20
30
25
20
29
21
11
30
35
24
28
22
19
9
-6
0
2
-2
5
18
16
15
19
22
22
19
28
40
38
32
26
21
7
-5
-14
-24
-19
-23
-28
-26
-40
-38
-34
-36
-21
-16
-8
-8
-10
-12
-29
-26
-24
-25
-23
-20
-16
-19
-18
-21
-13
-4
-6
10
12
11
20
12
8
8
7
12
19
14
19
18
0
0
-11
-18
-13
-15
-10
-2
-1
-5
1
-2
-9
3
0
5
24
22
24
29
23
17
14
5
-6
-4
-7
1
8
4
14
17
5
3
5
3
7
11
5
4
-3
-12
-20
-22
-24
-34
-29
-23
-19
-9
-14
-11
-10
-15
-7
-2
2
1
0
-1
-2
5
11
11
11
12
3
5
7
-2
0
6
4
4
15
16
14
12
12
15
13
15
15
16
8
-3
-9
-17
-15
-15
-17
-12
-13
-18
-13
-14
-18
-18
-7
-12
-11
7
8
19
19
14
20
7
0
13
18
18
17
18
10
2
4
7
6
5
7
6
1
0
4
-4
-13
-8
-14
-16
-17
-28
-28
-20
-21
-17
-1
3
8
13
17
15
12
15
4
-4
2
1
-2
2
0
-5
-1
-1
-7
-3
-2
-3
2
6
8
15
13
5
9
5
-6
-10
-11
-15
-18
-13
-12
-13
-5
-1
0
4
4
3
3
1
4
6
3
8
6
-2
-2
-11
-8
-3
-2
3
4
4
6
14
12
12
18
6
-3
2
-1
0
0
-4
-4
-6
-5
0
4
6
9
3
-9
-10
-10
-10
-12
-14
-9
-13
-17
-8
-3
-3
-2
-8
-14
-16
-20
-17
-5
2
1
5
9
1
5
7
-2
-5
-9
-13
-12
-9
0
4
-2
-1
6
9
15
22
14
14
20
19
28
26
24
23
19
28
33
28
25
26
30
33
31
25
26
15
7
4
-1
-1
-9
-13
-11
-14
-16
-19
-18
-19
-20
-20
-19
-16
-17
-18
-18
-13
-7
-8
-8
-7
-3
4
6
4
-2
-5
-7
-10
-10
-13
-21
-25
-28
-25
-20
-16
-15
-11
-9
-15
-14
-6
-3
-5
-8
-10
-8
-7
-7
-6
-7
-10
-8
-7
-7
-5
-5
-5
-7
-12
-10
-9
-6
3
8
6
6
7
8
10
11
11
14
14
14
14
17
20
13
8
12
17
20
23
22
24
24
19
18
10
0
-7
-13
-14
-9
-4
-1
3
10
11
11
19
25
30
32
33
32
30
27
23
16
12
9
4
2
2
0
-2
-6
-10
-12
-14
-16
-13
-13
-17
-18
-21
-19
-18
-20
-20
-22
-26
-26
-24
-27
-27
-25
-27
-20
-11
-9
-8
-10
-13
-17
-17
-14
-10
-9
-11
-7
-5
-3
1
1
3
9
15
22
27
33
35
35
37
41
41
38
30
22
16
15
12
15
18
14
16
20
19
16
7
-3
-12
-17
-21
-26
-33
-35
-30
-28
-27
-25
-23
-19
-15
-13
-9
-10
-16
-13
-9
-9
-10
-12
-12
-15
-14
-11
-11
-10
-10
-8
-6
-4
-2
0
1
1
0
-1
-1
-3
-1
-4
-11
-12
-14
-14
-6
-1
0
4
9
14
13
10
13
14
13
13
10
8
7
9
15
17
18
18
23
31
33
36
37
33
33
34
34
33
35
38
36
32
27
17
6
-7
-14
-19
-26
-25
-19
-14
-10
-10
-9
-12
-13
-12
-16
-18
-22
-26
-27
-26
-24
-19
-14
-14
-14
-12
-10
-11
-10
-11
-14
-15
-12
-9
-5
-4
-2
-1
-2
-4
-5
-7
-11
-11
-11
-13
-11
-15
-19
-22
-26
-27
-22
-17
-13
-4
3
8
15
18
23
26
25
23
21
19
20
17
17
18
19
19
19
16
11
11
10
8
7
4
-1
-6
-11
-11
-11
-12
-10
-9
-5
0
7
8
5
1
0
0
3
6
7
8
5
4
1
-2
-2
-3
-5
-5
-3
0
1
0
-3
-5
-8
-7
-6
-7
-6
-5
-11
-13
-14
-14
-11
-10
-8
-5
-2
-1
-2
-2
-6
-6
-6
-8
-9
-4
2
3
10
16
20
21
25
24
24
27
27
22
22
20
15
13
12
9
8
9
10
9
11
9
4
2
-2
-7
-6
-4
-5
-5
-7
-12
-16
-19
-21
-24
-24
-22
-18
-13
-8
-7
-11
-10
-9
-8
-5
-8
-6
0
1
2
0
-5
-7
-5
-3
-3
-3
-2
3
5
6
6
5
1
3
6
9
9
11
12
12
10
9
7
-2
-6
-6
-8
-9
-7
-8
-7
-5
-6
-9
-12
-13
-15
-12
-10
-13
-11
-6
-4
0
4
9
10
9
10
9
12
17
20
20
20
18
15
10
3
-4
-6
-7
-7
-4
-2
-4
-7
-10
-15
-16
-14
-13
-11
-8
-3
0
1
6
4
1
1
2
6
7
8
5
0
-1
-1
0
3
3
4
7
11
12
10
7
4
5
8
8
5
7
9
8
6
2
-2
-7
-7
-2
3
7
10
10
13
11
7
2
-3
-3
0
4
7
10
13
13
9
2
-4
-10
-12
-9
-5
-1
-1
-4
-5
-7
-11
-16
-22
-26
-29
-26
-22
-16
-10
-9
-10
-10
-10
-9
-9
-9
-6
-3
-4
-4
-2
1
5
4
4
4
6
7
6
6
7
8
5
5
6
6
5
5
3
2
0
-2
-2
-1
0
-1
-6
-9
-10
-7
-4
-1
4
6
9
9
10
14
15
16
12
9
8
10
12
13
13
9
4
4
6
10
12
9
7
9
15
17
16
14
11
11
10
8
7
6
6
3
1
3
2
0
-5
-11
-19
-27
-34
-35
-31
-29
-29
-31
-29
-28
-26
-24
-23
-21
-19
-16
-15
-14
-12
-10
-11
-12
-10
-10
-11
-12
-11
-7
-2
0
3
3
2
3
7
7
6
4
5
6
13
18
19
19
23
29
31
27
21
19
17
19
20
17
16
18
20
19
15
12
13
13
12
11
8
2
0
0
-3
-2
0
3
7
10
10
9
4
4
4
3
-1
-5
-4
-3
-4
-3
-5
-11
-14
-17
-18
-18
-18
-18
-18
-15
-11
-8
-7
-7
-7
-6
-5
-3
-1
2
4
7
8
8
9
7
3
-3
-8
-12
-16
-18
-20
-22
-22
-23
-20
-17
-15
-15
-16
-14
-10
-7
-8
-11
-11
-10
-9
-7
-5
-1
1
5
8
8
9
7
6
6
7
7
10
11
14
15
13
13
14
14
11
9
9
6
5
6
6
6
8
9
13
17
17
17
19
18
19
20
17
16
18
19
18
14
12
9
5
2
-2
-4
-6
-9
-8
-7
-6
-3
0
1
0
-2
-6
-7
-11
-15
-19
-21
-19
-15
-10
-5
-1
2
6
6
2
-3
-9
-13
-15
-16
-14
-14
-12
-9
-8
-9
-8
-6
-5
-4
-1
1
1
-4
-10
-13
-15
-18
-17
-15
-12
-11
-10
-7
-4
-2
-3
-4
-2
0
3
6
11
14
14
11
7
5
7
7
7
9
10
10
10
8
9
10
13
13
12
12
9
6
3
2
-2
-7
-12
-14
-13
-6
-2
1
4
6
10
11
10
8
6
3
0
-2
0
2
0
1
2
3
6
8
9
13
14
16
18
16
16
15
6
0
-1
-4
-6
-9
-12
-14
-15
-14
-11
-9
-7
-6
-5
-6
-6
-4
-5
-6
-10
-11
-13
-15
-14
-15
-17
-15
-13
-10
-6
-3
1
3
7
8
7
4
4
2
-1
-3
-6
-6
-4
-2
-2
-1
0
1
2
3
5
5
7
7
7
6
5
3
2
3
2
5
6
6
6
6
5
4
1
-2
-3
-2
-2
-2
-1
0
3
3
3
6
5
2
2
1
0
2
2
2
2
2
1
-1
2
1
3
4
7
12
13
14
12
7
6
2
-3
-3
-6
-7
-8
-8
-7
-8
-9
-11
-14
-16
-16
-14
-13
-9
-6
-1
-1
-3
-6
-6
-6
-8
-11
-12
-13
-12
-9
-9
-5
-4
-2
2
6
7
8
7
9
14
16
17
17
15
15
14
15
15
16
13
8
4
0
-3
-3
-4
-4
-1
-1
-2
0
-1
-4
-5
-7
-5
-2
-1
-2
0
4
8
9
9
8
6
4
1
-2
-4
-4
-8
-10
-10
-9
-9
-6
-5
-3
-3
-6
-5
-5
-8
-7
-8
-9
-8
-4
-2
0
1
-1
-3
-4
-5
-1
0
2
5
5
4
2
2
5
8
5
5
6
7
11
12
11
9
7
6
6
4
1
-3
-7
-9
-9
-9
-10
-10
-11
-9
-4
-2
-3
-1
3
5
6
5
4
1
-1
-3
-6
-7
-8
-10
-11
-8
-1
5
9
10
11
13
11
9
9
10
10
9
8
8
9
8
8
6
5
6
8
8
8
7
6
5
2
-1
-3
-6
-9
-9
-8
-8
-9
-8
-8
-8
-5
-4
-4
-4
-2
-4
-4
-6
-5
-6
-9
-9
-9
-8
-5
-5
-7
-9
-11
-14
-14
-16
-17
-20
-20
-19
-15
-10
-6
-2
0
2
2
-1
-1
-2
-3
-4
-4
-5
-8
-7
-5
2
9
14
16
19
22
24
23
22
18
18
19
20
20
20
17
12
6
1
1
4
8
12
15
18
21
20
19
16
12
6
-1
-4
-2
-1
-1
1
0
1
0
1
-2
0
0
1
4
7
7
6
5
3
1
-4
-8
-14
-19
-19
-19
-16
-17
-19
-19
-16
-13
-8
-6
-8
-10
-14
-20
-24
-29
-30
-27
-23
-17
-12
-8
-2
0
-1
-1
0
3
7
10
