1 0.00 0
2 0.00 0
3 0.00 0
4 0.00 0
5 0.00 0
6 0.00 0
7 0.00 0
8 0.00 0
9 0.00 0
10 0.00 0
11 0.00 0
12 0.00 0
13 0.00 0
14 0.00 0
15 0.00 0
16 0.00 0
17 0.00 0
18 0.00 0
19 0.00 0
20 0.00 0
21 0.00 0
22 0.00 0
23 0.00 0
24 0.00 0
25 0.00 0
26 0.00 0
27 0.00 0
28 0.00 0
29 0.00 0
30 3.00 0
31 916.51 0
32 94036.27 2
33 861133.04 1
34 2093945.93 3
35 3172184.46 3
36 3539551.34 3
37 4333770.24 3
38 3754142.25 2
39 4490200.39 2
40 3670956.68 3
41 3959599.93 3
42 2974336.80 3
43 2670725.27 3
44 2139681.46 3
45 1214646.83 3
46 1157976.28 8
47 972594.02 11
48 2000480.09 15
49 2871086.97 12
50 2844260.28 15
51 4386957.19 9
52 4380312.05 10
53 4653149.96 13
54 5717648.46 13
55 6406488.10 12
56 5443572.35 13
57 4249145.78 8
58 2432502.92 8
59 2234046.85 5
60 1857393.44 7
61 1864029.71 6
62 1726036.75 8
63 1772565.10 9
64 2672427.78 5
65 2184578.18 6
66 3066751.55 5
67 2784013.49 9
68 3768338.42 4
69 3950610.73 6
70 4435088.41 3
71 5100269.15 3
72 2820459.78 3
73 2483309.26 4
74 2066440.21 3
75 2785508.39 2
76 3516538.84 3
77 1956825.95 2
78 1799660.51 5
79 1704055.76 3
80 1148691.15 2
81 1341052.45 2
82 1667760.42 3
83 1389338.48 3
84 1304649.99 3
85 786225.95 3
86 1012497.31 2
87 1141192.08 2
88 694406.09 2
89 547633.05 2
90 246871.06 2
91 171022.41 1
92 78965.99 0
93 4705.29 1
94 5990.05 2
95 2714.89 3
96 1492.85 0
97 1272.20 0
98 2925.42 0
99 2693.52 0
100 2016.85 0
101 1710.51 0
102 674.58 0
103 490.95 0
104 2670.85 0
105 2131.62 0
106 1040.93 0
107 865.14 0
108 1283.64 0
109 901.68 0
110 945.61 0
111 558.49 0
112 135.98 0
113 73.10 0
114 14.00 0
115 12.00 0
116 46.00 0
117 40.00 0
118 34.00 0
119 62.05 0
120 29.00 0
121 21.00 0
122 2.00 0
123 18.00 0
124 15.00 0
